NO.: 03002, Result: 04 09 19 20 21 26 12 
NO.: 07114, Result: 05 12 15 24 27 33 05 
NO.: 14074, Result: 01 03 06 13 30 31 12 
NO.: 09038, Result: 12 13 15 23 28 32 05 
NO.: 11019, Result: 02 04 12 19 32 33 16 
NO.: 05133, Result: 01 07 14 16 18 25 11 
NO.: 07070, Result: 06 08 15 17 18 30 12 
NO.: 10014, Result: 01 03 07 14 26 28 02 
NO.: 08004, Result: 04 08 22 23 27 29 08 
NO.: 04008, Result: 01 07 10 22 32 33 13 
NO.: 09075, Result: 01 13 15 17 20 30 05 
NO.: 05048, Result: 06 07 08 10 16 28 02 
NO.: 13113, Result: 04 07 11 17 24 33 09 
NO.: 13095, Result: 01 06 15 19 28 29 10 
NO.: 10033, Result: 08 10 11 12 25 29 09 
NO.: 12090, Result: 02 13 20 25 29 30 11 
NO.: 13057, Result: 13 16 19 23 26 28 05 
NO.: 06013, Result: 01 05 06 12 16 21 11 
NO.: 06148, Result: 04 08 12 13 23 29 01 
NO.: 06027, Result: 06 08 11 14 16 27 15 
NO.: 10139, Result: 11 13 18 20 26 31 09 
NO.: 08018, Result: 02 05 06 23 26 33 13 
NO.: 13103, Result: 02 04 09 13 18 20 07 
NO.: 13130, Result: 01 03 15 16 31 33 08 
NO.: 13082, Result: 04 13 14 20 22 30 06 
NO.: 13019, Result: 01 02 05 16 20 26 06 
NO.: 13131, Result: 04 06 12 17 19 26 09 
NO.: 10057, Result: 05 11 12 19 25 32 05 
NO.: 09049, Result: 09 12 14 20 30 31 06 
NO.: 15003, Result: 10 15 20 23 24 31 15 
NO.: 08102, Result: 03 07 12 21 25 32 05 
NO.: 11121, Result: 04 14 22 25 32 33 02 
NO.: 08145, Result: 07 13 18 22 26 29 02 
NO.: 09146, Result: 03 09 16 20 22 33 15 
NO.: 11001, Result: 03 09 20 24 26 32 10 
NO.: 10040, Result: 12 19 24 25 30 32 11 
NO.: 07094, Result: 03 05 18 19 24 32 02 
NO.: 03009, Result: 05 09 18 20 22 30 09 
NO.: 03039, Result: 03 05 23 24 27 32 03 
NO.: 09142, Result: 07 11 15 19 20 24 13 
NO.: 09096, Result: 01 26 27 31 32 33 03 
NO.: 12004, Result: 01 05 10 11 21 23 16 
NO.: 08027, Result: 15 18 19 23 24 26 13 
NO.: 06065, Result: 04 08 17 28 29 30 13 
NO.: 05084, Result: 01 02 07 15 19 20 03 
NO.: 05117, Result: 06 17 22 27 28 32 03 
NO.: 13112, Result: 01 06 12 13 22 31 07 
NO.: 06080, Result: 15 17 20 22 26 29 09 
NO.: 05057, Result: 05 06 10 15 30 31 13 
NO.: 14014, Result: 04 09 19 22 25 29 15 
NO.: 03040, Result: 04 05 06 12 14 23 16 
NO.: 13069, Result: 07 16 17 18 30 33 06 
NO.: 13129, Result: 05 06 10 14 27 31 14 
NO.: 11117, Result: 08 10 19 26 28 30 04 
NO.: 14025, Result: 01 05 10 14 16 30 16 
NO.: 10146, Result: 01 17 18 22 25 32 01 
NO.: 05142, Result: 07 10 12 17 22 29 05 
NO.: 13150, Result: 01 15 16 25 26 29 10 
NO.: 13041, Result: 02 10 12 17 23 24 05 
NO.: 08034, Result: 03 05 09 11 21 29 09 
NO.: 12049, Result: 04 12 13 19 20 32 02 
NO.: 08093, Result: 04 10 12 16 26 28 07 
NO.: 09120, Result: 01 02 08 12 16 30 16 
NO.: 09086, Result: 11 12 13 18 23 32 11 
NO.: 14051, Result: 10 16 19 21 23 24 13 
NO.: 14070, Result: 01 07 09 19 28 29 07 
NO.: 11096, Result: 01 04 07 13 14 19 15 
NO.: 11062, Result: 04 08 09 10 29 30 03 
NO.: 09004, Result: 03 11 13 17 28 31 03 
NO.: 11122, Result: 10 12 18 26 27 31 03 
NO.: 07098, Result: 02 03 05 11 19 20 12 
NO.: 12088, Result: 03 05 23 24 27 31 15 
NO.: 10068, Result: 03 13 18 20 23 28 13 
NO.: 14152, Result: 08 13 15 20 21 25 12 
NO.: 13044, Result: 03 05 11 18 26 28 06 
NO.: 14040, Result: 03 04 06 11 12 15 08 
NO.: 12003, Result: 03 06 08 24 29 31 09 
NO.: 12151, Result: 05 14 24 25 26 32 01 
NO.: 10118, Result: 05 08 11 13 15 25 05 
NO.: 13007, Result: 02 09 15 22 26 32 01 
NO.: 05144, Result: 01 08 14 15 19 27 09 
NO.: 13086, Result: 02 04 11 13 16 26 11 
NO.: 11150, Result: 08 10 12 15 22 27 13 
NO.: 12071, Result: 03 04 19 21 22 23 08 
NO.: 03068, Result: 09 19 25 27 32 33 11 
NO.: 09080, Result: 01 11 13 25 32 33 06 
NO.: 03084, Result: 02 06 07 10 17 33 03 
NO.: 03029, Result: 02 07 15 26 29 32 10 
NO.: 06108, Result: 02 06 08 20 24 30 09 
NO.: 05010, Result: 08 10 11 18 25 26 01 
NO.: 04096, Result: 01 04 12 16 20 30 15 
NO.: 07015, Result: 03 04 08 18 22 30 15 
NO.: 06121, Result: 03 04 06 27 31 33 06 
NO.: 13059, Result: 03 10 18 24 27 29 09 
NO.: 04005, Result: 09 11 13 16 17 18 07 
NO.: 11022, Result: 02 07 14 16 17 21 05 
NO.: 13096, Result: 01 02 22 28 29 30 15 
NO.: 13054, Result: 03 04 08 14 21 28 14 
NO.: 09152, Result: 03 04 19 21 27 28 05 
NO.: 04058, Result: 01 08 11 12 27 31 12 
NO.: 07057, Result: 05 11 18 19 20 21 09 
NO.: 12109, Result: 02 12 24 26 29 31 03 
NO.: 07101, Result: 15 16 18 21 22 30 14 
NO.: 12058, Result: 03 06 15 20 25 26 04 
NO.: 06030, Result: 08 13 15 17 20 32 14 
NO.: 14030, Result: 12 18 19 23 24 30 10 
NO.: 04082, Result: 03 20 24 27 29 30 15 
NO.: 10076, Result: 01 12 14 29 31 32 15 
NO.: 04019, Result: 05 10 11 23 24 32 04 
NO.: 11124, Result: 09 18 19 26 31 32 16 
NO.: 10069, Result: 12 14 20 22 24 32 11 
NO.: 05093, Result: 04 06 17 23 25 29 14 
NO.: 13036, Result: 04 05 09 27 29 31 13 
NO.: 05128, Result: 02 04 14 23 29 33 15 
NO.: 06122, Result: 04 05 06 08 22 24 03 
NO.: 03080, Result: 09 20 24 25 28 30 10 
NO.: 03033, Result: 01 07 14 20 27 30 10 
NO.: 04086, Result: 10 13 18 19 25 27 01 
NO.: 06112, Result: 04 09 13 15 31 33 11 
NO.: 06095, Result: 01 03 17 20 21 29 16 
NO.: 08031, Result: 03 06 11 15 21 31 13 
NO.: 10019, Result: 02 10 22 24 26 27 06 
NO.: 06149, Result: 02 03 05 11 15 32 15 
NO.: 05145, Result: 03 07 08 17 20 28 15 
NO.: 04085, Result: 03 08 11 29 30 32 01 
NO.: 08076, Result: 02 05 07 11 13 18 11 
NO.: 06099, Result: 09 12 18 23 24 27 05 
NO.: 09062, Result: 10 19 20 21 23 32 10 
NO.: 09042, Result: 08 16 22 23 27 30 11 
NO.: 06141, Result: 16 18 22 23 25 31 11 
NO.: 05024, Result: 05 09 14 27 31 32 13 
NO.: 08119, Result: 05 07 09 15 24 29 07 
NO.: 10005, Result: 03 05 06 08 17 18 14 
NO.: 05089, Result: 05 19 20 23 26 31 12 
NO.: 07153, Result: 01 04 19 20 25 31 15 
NO.: 11125, Result: 03 10 15 24 27 32 08 
NO.: 06154, Result: 07 14 18 20 30 33 13 
NO.: 12101, Result: 09 12 17 18 20 33 02 
NO.: 09126, Result: 03 05 06 10 19 23 15 
NO.: 14009, Result: 08 09 19 20 25 32 16 
NO.: 12072, Result: 02 03 07 09 13 30 06 
NO.: 08099, Result: 10 15 16 22 23 24 07 
NO.: 10151, Result: 02 13 14 17 19 26 14 
NO.: 07142, Result: 11 20 25 26 27 30 08 
NO.: 04109, Result: 06 08 10 17 30 31 14 
NO.: 07062, Result: 08 17 20 29 30 33 09 
NO.: 06021, Result: 01 02 05 20 21 22 09 
NO.: 09050, Result: 13 21 24 29 30 32 04 
NO.: 08116, Result: 03 07 21 22 24 29 14 
NO.: 11007, Result: 01 09 17 24 26 31 05 
NO.: 07077, Result: 06 08 14 21 28 29 02 
NO.: 08137, Result: 01 04 24 28 29 33 09 
NO.: 08143, Result: 12 17 18 19 26 27 06 
NO.: 11083, Result: 07 16 18 24 28 29 06 
NO.: 13040, Result: 02 04 10 12 17 30 10 
NO.: 09113, Result: 04 12 20 25 28 29 16 
NO.: 13003, Result: 22 23 26 27 28 33 09 
NO.: 11056, Result: 13 16 19 20 23 25 10 
NO.: 14055, Result: 02 09 14 19 21 30 04 
NO.: 11107, Result: 04 09 16 17 22 29 15 
NO.: 05137, Result: 03 09 15 23 25 33 12 
NO.: 11035, Result: 13 14 18 20 27 31 02 
NO.: 04068, Result: 02 08 11 13 24 31 15 
NO.: 04092, Result: 01 04 08 13 28 31 02 
NO.: 03017, Result: 05 08 18 23 25 31 06 
NO.: 10062, Result: 11 13 15 20 31 33 03 
NO.: 10087, Result: 01 08 16 17 25 30 10 
NO.: 10010, Result: 07 08 12 15 22 26 08 
NO.: 12127, Result: 01 09 11 21 26 32 08 
NO.: 10054, Result: 01 06 08 12 14 25 06 
NO.: 12076, Result: 11 18 22 27 29 30 15 
NO.: 05035, Result: 12 16 21 28 29 30 14 
NO.: 09139, Result: 01 05 15 17 27 29 02 
NO.: 12052, Result: 02 03 05 06 20 24 04 
NO.: 10094, Result: 03 05 07 27 31 32 10 
NO.: 11015, Result: 03 06 13 26 27 29 07 
NO.: 13024, Result: 04 05 13 23 27 30 09 
NO.: 06110, Result: 09 12 14 18 27 33 13 
NO.: 07127, Result: 06 09 13 16 24 28 11 
NO.: 04066, Result: 05 13 20 23 24 25 03 
NO.: 10148, Result: 01 03 07 18 23 27 12 
NO.: 10138, Result: 01 21 23 24 26 30 05 
NO.: 12023, Result: 05 09 15 23 24 33 02 
NO.: 09030, Result: 08 14 24 26 28 32 07 
NO.: 12019, Result: 07 14 18 20 22 30 16 
NO.: 07017, Result: 05 09 10 24 25 32 14 
NO.: 08109, Result: 04 07 09 16 21 28 10 
NO.: 08046, Result: 15 16 18 24 28 33 15 
NO.: 12092, Result: 06 13 17 18 28 32 03 
NO.: 10099, Result: 03 04 17 24 27 30 06 
NO.: 12139, Result: 08 19 21 24 28 31 15 
NO.: 08071, Result: 01 06 21 26 27 28 09 
NO.: 06056, Result: 11 13 15 21 23 25 08 
NO.: 11032, Result: 03 05 07 13 14 15 15 
NO.: 10043, Result: 04 10 19 22 28 33 04 
NO.: 03078, Result: 07 12 23 26 29 30 11 
NO.: 12108, Result: 01 09 12 13 19 28 13 
NO.: 14026, Result: 01 02 05 06 11 23 14 
NO.: 13093, Result: 01 02 08 26 29 31 14 
NO.: 09068, Result: 06 11 18 20 25 30 05 
NO.: 13149, Result: 09 18 25 26 30 32 11 
NO.: 14060, Result: 03 05 14 18 25 33 06 
NO.: 03030, Result: 02 06 13 14 23 27 07 
NO.: 09036, Result: 06 09 18 23 32 33 07 
NO.: 04013, Result: 12 14 21 29 30 32 13 
NO.: 15006, Result: 
NO.: 12153, Result: 04 05 11 21 27 28 10 
NO.: 08123, Result: 10 11 15 16 25 29 02 
NO.: 11108, Result: 02 17 22 26 29 33 10 
NO.: 09060, Result: 07 13 17 26 32 33 04 
NO.: 14052, Result: 09 13 15 28 30 33 08 
NO.: 05096, Result: 04 05 17 18 26 33 04 
NO.: 07025, Result: 03 16 18 22 23 26 03 
NO.: 06020, Result: 05 09 21 23 26 29 06 
NO.: 12056, Result: 04 07 14 17 26 31 10 
NO.: 10028, Result: 01 03 06 12 16 32 12 
NO.: 03047, Result: 03 17 26 28 32 33 16 
NO.: 11079, Result: 03 14 15 16 24 29 05 
NO.: 06152, Result: 01 14 20 25 27 31 15 
NO.: 14047, Result: 08 10 11 12 19 29 15 
NO.: 14041, Result: 07 11 16 18 21 22 02 
NO.: 04100, Result: 06 08 09 14 24 33 15 
NO.: 09011, Result: 02 04 13 14 18 23 15 
NO.: 13145, Result: 06 10 13 16 23 24 15 
NO.: 14010, Result: 05 07 08 20 31 33 11 
NO.: 13029, Result: 06 07 10 19 23 29 12 
NO.: 13056, Result: 03 12 25 26 28 29 16 
NO.: 09097, Result: 07 13 24 26 28 32 14 
NO.: 07008, Result: 01 04 05 18 19 25 10 
NO.: 10039, Result: 08 17 21 23 25 32 12 
NO.: 14012, Result: 01 08 11 19 21 24 08 
NO.: 14046, Result: 02 10 11 17 18 22 10 
NO.: 13109, Result: 09 23 24 27 29 32 08 
NO.: 08021, Result: 09 12 19 20 26 28 15 
NO.: 09029, Result: 12 13 15 22 23 29 13 
NO.: 05121, Result: 01 07 20 25 31 32 12 
NO.: 11038, Result: 02 14 15 19 23 24 12 
NO.: 11054, Result: 08 11 16 17 22 33 08 
NO.: 04007, Result: 04 12 17 20 25 28 09 
NO.: 13020, Result: 01 07 08 12 16 21 01 
NO.: 14058, Result: 02 03 12 13 14 25 11 
NO.: 14008, Result: 05 14 16 21 29 30 12 
NO.: 15002, Result: 07 15 16 25 28 32 05 
NO.: 08114, Result: 04 09 20 24 25 31 14 
NO.: 11023, Result: 02 03 06 21 22 25 05 
NO.: 12075, Result: 04 06 22 23 29 32 11 
NO.: 07050, Result: 01 05 08 13 18 25 02 
NO.: 09016, Result: 02 07 13 16 20 33 03 
NO.: 06034, Result: 02 10 15 16 17 33 13 
NO.: 10128, Result: 04 11 19 20 24 28 12 
NO.: 12048, Result: 01 05 14 22 24 30 10 
NO.: 14044, Result: 04 09 21 27 28 33 12 
NO.: 07054, Result: 01 03 16 18 23 28 05 
NO.: 14151, Result: 04 05 08 11 21 27 08 
NO.: 10122, Result: 02 09 12 16 25 27 06 
NO.: 05087, Result: 08 09 15 16 23 26 08 
NO.: 09095, Result: 08 09 14 28 31 33 15 
NO.: 06153, Result: 01 07 11 20 30 33 10 
NO.: 08129, Result: 01 03 18 24 25 32 15 
NO.: 07097, Result: 04 08 13 18 26 30 11 
NO.: 11100, Result: 07 11 21 23 31 32 05 
NO.: 14063, Result: 03 08 17 21 22 31 16 
NO.: 08135, Result: 05 14 15 16 19 21 15 
NO.: 13076, Result: 14 23 24 26 29 30 03 
NO.: 11114, Result: 01 14 15 16 30 32 09 
NO.: 08138, Result: 07 14 19 23 25 32 04 
NO.: 10119, Result: 07 17 25 27 30 31 09 
NO.: 08096, Result: 06 08 12 24 27 31 14 
NO.: 05012, Result: 02 03 06 16 22 31 05 
NO.: 04047, Result: 01 07 08 11 27 31 06 
NO.: 04025, Result: 07 08 10 24 29 33 04 
NO.: 09071, Result: 04 05 23 26 31 32 06 
NO.: 13102, Result: 02 04 05 06 08 16 03 
NO.: 12150, Result: 09 11 17 23 24 26 07 
NO.: 11153, Result: 05 08 09 10 20 25 13 
NO.: 03046, Result: 07 08 10 11 17 26 11 
NO.: 08003, Result: 06 08 11 13 17 19 12 
NO.: 05113, Result: 15 18 20 22 26 27 03 
NO.: 09128, Result: 05 08 15 16 26 32 01 
NO.: 03061, Result: 03 05 20 21 28 32 02 
NO.: 04052, Result: 01 12 14 15 17 29 09 
NO.: 12111, Result: 02 09 10 20 22 31 13 
NO.: 06130, Result: 01 12 21 22 30 32 02 
NO.: 06070, Result: 02 03 11 13 20 27 02 
NO.: 05102, Result: 02 05 06 14 24 31 12 
NO.: 08073, Result: 01 09 13 22 28 33 08 
NO.: 09138, Result: 04 07 14 26 32 33 14 
NO.: 11020, Result: 12 16 17 19 24 30 05 
NO.: 13083, Result: 05 06 12 14 19 23 09 
NO.: 11075, Result: 07 09 10 12 31 32 13 
NO.: 06085, Result: 02 06 18 21 24 25 08 
NO.: 10153, Result: 03 06 12 19 30 31 13 
NO.: 11144, Result: 01 02 09 10 16 24 03 
NO.: 06091, Result: 07 08 12 21 22 24 07 
NO.: 06045, Result: 06 07 10 14 20 21 04 
NO.: 06145, Result: 02 07 23 26 28 31 07 
NO.: 12022, Result: 04 08 12 24 26 27 04 
NO.: 13148, Result: 06 11 12 14 17 22 01 
NO.: 09110, Result: 04 10 13 15 19 30 14 
NO.: 07047, Result: 02 04 16 18 23 30 06 
NO.: 04084, Result: 01 04 08 11 21 25 14 
NO.: 05051, Result: 03 06 14 19 20 21 02 
NO.: 04023, Result: 01 08 14 17 19 30 03 
NO.: 08139, Result: 08 09 19 23 25 26 07 
NO.: 11040, Result: 05 11 14 24 26 28 13 
NO.: 07104, Result: 02 08 12 14 20 32 04 
NO.: 11142, Result: 12 15 16 26 29 31 02 
NO.: 09003, Result: 02 03 06 15 25 30 02 
NO.: 04037, Result: 03 04 11 17 20 26 05 
NO.: 05085, Result: 08 09 13 14 20 22 12 
NO.: 12020, Result: 03 08 12 18 23 29 11 
NO.: 12064, Result: 05 10 11 16 23 24 11 
NO.: 14071, Result: 02 04 12 17 22 25 14 
NO.: 06077, Result: 08 09 12 13 19 33 09 
NO.: 10066, Result: 01 03 21 22 31 32 07 
NO.: 10073, Result: 01 16 20 23 27 31 02 
NO.: 07086, Result: 05 08 14 22 27 29 16 
NO.: 09021, Result: 01 04 05 17 24 27 09 
NO.: 05055, Result: 05 20 22 30 32 33 09 
NO.: 12112, Result: 08 15 20 21 27 31 06 
NO.: 06060, Result: 05 15 19 23 30 32 14 
NO.: 08050, Result: 01 11 19 24 26 27 03 
NO.: 08074, Result: 01 11 15 19 20 24 09 
NO.: 11037, Result: 01 03 04 06 17 25 11 
NO.: 12144, Result: 03 10 12 13 27 30 04 
NO.: 04101, Result: 02 09 14 19 25 26 15 
NO.: 09098, Result: 03 14 15 20 23 30 02 
NO.: 08007, Result: 01 13 17 22 23 30 11 
NO.: 06043, Result: 05 12 13 16 23 32 03 
NO.: 05153, Result: 04 05 07 21 26 29 01 
NO.: 13068, Result: 02 07 13 20 25 27 06 
NO.: 08154, Result: 02 05 07 21 22 26 08 
NO.: 03070, Result: 01 02 04 17 18 19 08 
NO.: 08012, Result: 03 04 05 16 20 30 13 
NO.: 10003, Result: 14 22 26 27 28 31 04 
NO.: 06006, Result: 08 21 22 23 26 32 14 
NO.: 05141, Result: 03 05 08 12 16 19 15 
NO.: 06125, Result: 15 19 23 30 32 33 06 
NO.: 09052, Result: 09 11 15 19 21 30 08 
NO.: 04026, Result: 04 10 14 18 28 32 15 
NO.: 08141, Result: 03 13 20 25 29 33 15 
NO.: 06136, Result: 11 15 17 21 22 24 05 
NO.: 06113, Result: 05 14 17 18 28 33 02 
NO.: 03044, Result: 02 05 09 16 32 33 15 
NO.: 13002, Result: 01 16 18 22 28 30 12 
NO.: 08142, Result: 05 06 10 13 17 28 15 
NO.: 05061, Result: 05 09 14 21 23 24 01 
NO.: 10093, Result: 09 10 19 28 32 33 06 
NO.: 07039, Result: 06 07 19 24 27 29 01 
NO.: 13111, Result: 01 02 03 06 08 33 13 
NO.: 08087, Result: 01 07 26 29 30 31 06 
NO.: 08067, Result: 10 11 15 19 26 33 13 
NO.: 04049, Result: 11 12 14 16 25 29 09 
NO.: 05130, Result: 03 05 09 15 20 25 16 
NO.: 09087, Result: 06 11 13 20 28 32 06 
NO.: 07010, Result: 03 08 14 17 30 32 05 
NO.: 12136, Result: 02 07 08 17 21 28 11 
NO.: 13136, Result: 04 06 14 16 18 26 06 
NO.: 07076, Result: 06 12 15 16 20 31 02 
NO.: 13026, Result: 04 11 14 15 22 31 11 
NO.: 11063, Result: 04 06 13 15 18 19 05 
NO.: 05119, Result: 01 07 11 18 20 22 02 
NO.: 09148, Result: 06 12 15 22 29 32 10 
NO.: 09122, Result: 07 14 16 27 29 32 01 
NO.: 08153, Result: 01 04 18 21 24 30 16 
NO.: 07005, Result: 01 05 06 16 24 30 12 
NO.: 10046, Result: 11 12 21 23 27 32 05 
NO.: 09088, Result: 04 07 11 15 16 17 02 
NO.: 08083, Result: 07 08 09 18 29 32 09 
NO.: 04006, Result: 04 12 18 20 23 32 06 
NO.: 12110, Result: 03 07 10 13 22 32 09 
NO.: 12054, Result: 06 14 18 20 30 33 14 
NO.: 06142, Result: 10 16 19 22 26 27 16 
NO.: 09009, Result: 08 15 21 30 31 33 02 
NO.: 09140, Result: 04 05 11 18 22 33 12 
NO.: 06103, Result: 12 14 15 25 28 31 06 
NO.: 07055, Result: 02 06 11 22 28 29 02 
NO.: 11128, Result: 09 11 14 17 19 23 12 
NO.: 07144, Result: 08 14 23 25 28 32 16 
NO.: 09014, Result: 03 06 09 14 15 18 02 
NO.: 12051, Result: 02 12 14 17 30 31 09 
NO.: 11017, Result: 02 06 15 23 26 33 08 
NO.: 07065, Result: 04 07 19 21 25 31 07 
NO.: 13074, Result: 03 06 08 14 19 32 03 
NO.: 06037, Result: 02 12 23 24 25 32 14 
NO.: 06089, Result: 01 13 16 18 19 22 01 
NO.: 07147, Result: 03 07 18 24 26 27 04 
NO.: 07138, Result: 02 03 15 17 19 25 16 
NO.: 05086, Result: 07 11 12 24 27 29 12 
NO.: 04119, Result: 06 09 18 20 25 33 06 
NO.: 08041, Result: 08 11 20 22 23 27 04 
NO.: 12039, Result: 01 02 05 13 22 29 08 
NO.: 10009, Result: 01 09 13 21 24 32 06 
NO.: 12073, Result: 04 07 09 10 17 27 05 
NO.: 06150, Result: 08 09 12 18 25 27 12 
NO.: 08064, Result: 01 02 07 09 12 18 12 
NO.: 07091, Result: 02 11 17 30 31 32 07 
NO.: 11071, Result: 01 02 15 22 28 30 02 
NO.: 12118, Result: 05 06 07 12 15 28 11 
NO.: 05041, Result: 02 11 16 23 24 29 03 
NO.: 08066, Result: 07 12 21 22 29 30 08 
NO.: 03001, Result: 10 11 12 13 26 28 11 
NO.: 06138, Result: 04 09 11 17 18 26 08 
NO.: 13152, Result: 04 06 14 16 18 29 05 
NO.: 03043, Result: 02 08 10 19 20 32 13 
NO.: 11064, Result: 03 06 07 29 30 33 02 
NO.: 12021, Result: 01 15 16 18 22 30 03 
NO.: 06019, Result: 04 06 13 22 26 32 07 
NO.: 10136, Result: 04 10 23 24 26 33 10 
NO.: 07031, Result: 04 06 10 12 19 31 01 
NO.: 03048, Result: 10 12 20 28 30 31 09 
NO.: 05003, Result: 09 12 15 19 22 31 16 
NO.: 07009, Result: 02 04 14 15 25 27 15 
NO.: 14077, Result: 08 09 12 15 19 22 10 
NO.: 09026, Result: 11 15 17 18 20 30 16 
NO.: 10085, Result: 01 08 12 13 24 27 08 
NO.: 03025, Result: 01 05 11 13 14 27 12 
NO.: 08053, Result: 06 12 19 20 21 27 04 
NO.: 04029, Result: 09 13 20 22 24 32 05 
NO.: 12143, Result: 07 08 18 25 30 32 06 
NO.: 03036, Result: 07 21 24 25 27 28 15 
NO.: 06007, Result: 04 16 18 27 32 33 07 
NO.: 04018, Result: 02 05 06 08 28 30 06 
NO.: 12070, Result: 02 03 04 24 31 32 11 
NO.: 12011, Result: 04 14 15 16 20 26 05 
NO.: 05030, Result: 01 05 09 14 22 28 05 
NO.: 10137, Result: 07 09 10 13 19 33 06 
NO.: 12106, Result: 13 14 20 22 23 32 16 
NO.: 11061, Result: 02 03 08 13 19 21 03 
NO.: 05065, Result: 12 16 17 21 22 23 16 
NO.: 09131, Result: 16 23 25 26 32 33 05 
NO.: 13134, Result: 01 17 18 19 25 29 10 
NO.: 11073, Result: 03 04 05 12 17 21 14 
NO.: 12154, Result: 05 07 12 16 28 32 04 
NO.: 07100, Result: 08 18 27 29 30 32 06 
NO.: 04054, Result: 09 11 14 16 27 28 11 
NO.: 13123, Result: 01 02 06 11 17 25 02 
NO.: 07073, Result: 05 09 11 19 28 31 02 
NO.: 08011, Result: 02 14 17 21 30 32 03 
NO.: 07084, Result: 06 10 12 14 20 27 10 
NO.: 10050, Result: 07 21 22 26 28 30 11 
NO.: 10108, Result: 02 04 08 20 23 24 07 
NO.: 09069, Result: 03 05 12 18 21 23 02 
NO.: 13063, Result: 10 15 18 20 23 31 12 
NO.: 10098, Result: 01 03 08 16 29 33 07 
NO.: 06147, Result: 01 04 15 17 27 31 01 
NO.: 05126, Result: 02 08 13 19 25 26 09 
NO.: 04108, Result: 08 13 14 27 28 31 12 
NO.: 05070, Result: 03 04 08 14 16 26 04 
NO.: 07067, Result: 06 11 13 17 21 23 11 
NO.: 04002, Result: 10 12 18 22 30 31 11 
NO.: 07106, Result: 12 18 21 24 25 29 08 
NO.: 12042, Result: 05 06 11 19 24 28 16 
NO.: 12066, Result: 01 02 09 26 29 33 12 
NO.: 04043, Result: 04 09 10 21 22 24 10 
NO.: 10145, Result: 03 21 24 27 28 31 08 
NO.: 15003, Result: 
NO.: 09153, Result: 06 07 08 20 21 25 10 
NO.: 07053, Result: 10 13 16 17 18 27 11 
NO.: 07087, Result: 01 03 04 05 08 21 09 
NO.: 06024, Result: 02 07 09 11 21 27 06 
NO.: 13137, Result: 04 17 19 23 24 27 10 
NO.: 07012, Result: 03 05 07 21 26 28 04 
NO.: 08121, Result: 02 22 23 27 31 32 06 
NO.: 06096, Result: 01 05 09 13 18 33 14 
NO.: 13139, Result: 07 08 11 13 21 27 08 
NO.: 09018, Result: 02 05 06 19 27 30 15 
NO.: 08081, Result: 02 12 13 18 25 31 04 
NO.: 10135, Result: 04 10 13 25 26 30 10 
NO.: 08006, Result: 01 14 16 18 22 27 14 
NO.: 04010, Result: 06 07 08 13 14 19 15 
NO.: 08055, Result: 11 16 19 23 26 31 04 
NO.: 11127, Result: 16 19 22 23 27 29 11 
NO.: 04053, Result: 02 03 04 09 24 25 02 
NO.: 07044, Result: 09 13 20 21 24 32 08 
NO.: 06004, Result: 04 08 17 27 28 31 07 
NO.: 06001, Result: 01 12 15 19 21 28 03 
NO.: 03012, Result: 02 12 16 17 27 30 12 
NO.: 04105, Result: 07 09 10 21 23 30 12 
NO.: 07095, Result: 01 06 08 18 29 32 07 
NO.: 09046, Result: 16 20 21 26 29 30 09 
NO.: 15003, Result: 
NO.: 03063, Result: 05 08 09 14 21 33 11 
NO.: 08079, Result: 03 04 05 10 20 32 09 
NO.: 12067, Result: 04 05 10 21 26 30 16 
NO.: 14075, Result: 03 09 11 22 27 29 06 
NO.: 10061, Result: 02 04 16 19 22 26 12 
NO.: 11051, Result: 01 07 11 14 15 16 14 
NO.: 13032, Result: 04 21 25 29 30 33 03 
NO.: 03026, Result: 08 13 15 26 29 31 16 
NO.: 08108, Result: 09 10 15 17 23 30 12 
NO.: 13012, Result: 06 14 17 22 28 29 02 
NO.: 03086, Result: 05 12 16 18 26 30 13 
NO.: 04022, Result: 03 10 14 19 20 30 06 
NO.: 09093, Result: 01 11 20 31 32 33 01 
NO.: 07072, Result: 02 04 08 13 14 33 16 
NO.: 13146, Result: 08 20 25 30 32 33 01 
NO.: 06051, Result: 02 06 07 17 27 30 16 
NO.: 09119, Result: 06 07 10 12 15 21 05 
NO.: 03049, Result: 03 06 07 13 24 25 15 
NO.: 13110, Result: 15 17 18 21 29 32 13 
NO.: 07123, Result: 01 13 15 23 28 32 02 
NO.: 06105, Result: 05 12 14 15 20 31 01 
NO.: 05134, Result: 04 13 14 18 26 30 01 
NO.: 14065, Result: 03 04 05 08 10 22 06 
NO.: 06061, Result: 05 13 17 19 25 30 11 
NO.: 05077, Result: 08 17 22 24 32 33 16 
NO.: 11146, Result: 11 23 26 28 32 33 10 
NO.: 07013, Result: 05 15 18 27 29 32 05 
NO.: 10123, Result: 06 12 15 18 29 32 10 
NO.: 14002, Result: 04 21 23 31 32 33 04 
NO.: 05149, Result: 11 16 21 23 25 32 07 
NO.: 09065, Result: 08 12 20 22 30 33 02 
NO.: 06055, Result: 04 05 28 29 31 33 11 
NO.: 13011, Result: 03 12 17 24 27 29 09 
NO.: 12137, Result: 01 02 04 06 13 17 07 
NO.: 11089, Result: 01 02 11 24 29 30 12 
NO.: 09017, Result: 06 14 15 19 25 26 08 
NO.: 03060, Result: 02 04 06 17 21 28 11 
NO.: 08085, Result: 01 04 12 20 24 29 15 
NO.: 14032, Result: 01 02 14 22 29 33 07 
NO.: 10114, Result: 01 08 11 15 17 25 01 
NO.: 11030, Result: 02 09 19 24 25 33 10 
NO.: 05020, Result: 14 16 19 20 25 29 05 
NO.: 05034, Result: 05 17 18 25 28 32 09 
NO.: 12014, Result: 01 02 05 16 28 30 12 
NO.: 08038, Result: 03 09 10 11 15 19 13 
NO.: 09135, Result: 01 03 14 19 30 33 16 
NO.: 10029, Result: 01 05 14 16 17 22 03 
NO.: 09056, Result: 04 09 10 18 29 32 08 
NO.: 03027, Result: 01 11 14 17 27 28 15 
NO.: 06144, Result: 04 10 13 16 22 29 06 
NO.: 03053, Result: 15 19 20 21 28 29 13 
NO.: 12069, Result: 08 10 11 18 20 29 06 
NO.: 13124, Result: 03 09 15 23 25 30 07 
NO.: 10067, Result: 01 07 10 14 21 25 01 
NO.: 10049, Result: 01 06 10 26 27 28 02 
NO.: 06008, Result: 03 05 09 18 28 32 16 
NO.: 03066, Result: 03 07 08 20 24 32 14 
NO.: 05105, Result: 04 15 23 30 32 33 03 
NO.: 12081, Result: 02 05 10 24 25 29 06 
NO.: 10001, Result: 07 17 18 27 29 32 13 
NO.: 09094, Result: 03 16 22 25 26 33 14 
NO.: 13031, Result: 03 13 14 15 21 33 03 
NO.: 11132, Result: 02 05 12 13 25 33 07 
NO.: 12018, Result: 03 05 06 22 26 32 15 
NO.: 08131, Result: 02 12 15 18 22 32 08 
NO.: 07061, Result: 01 06 07 11 20 23 05 
NO.: 13092, Result: 07 11 15 21 26 31 06 
NO.: 13060, Result: 05 07 10 13 19 20 15 
NO.: 10105, Result: 01 08 09 19 21 31 11 
NO.: 10083, Result: 02 20 21 22 23 31 12 
NO.: 08113, Result: 06 09 10 12 17 22 09 
NO.: 06015, Result: 02 03 09 15 29 32 03 
NO.: 09106, Result: 01 02 15 18 20 29 04 
NO.: 10004, Result: 01 12 13 16 23 28 07 
NO.: 03031, Result: 11 17 20 22 28 32 01 
NO.: 05092, Result: 08 13 19 26 28 31 10 
NO.: 13050, Result: 03 07 13 18 22 25 03 
NO.: 06036, Result: 04 07 10 16 17 21 09 
NO.: 04115, Result: 02 16 20 30 31 33 01 
NO.: 10113, Result: 05 10 15 18 20 28 10 
NO.: 08089, Result: 03 06 11 16 22 27 11 
NO.: 13062, Result: 01 06 07 19 22 27 02 
NO.: 10031, Result: 05 07 13 24 25 28 04 
NO.: 03059, Result: 02 03 05 06 18 30 04 
NO.: 12126, Result: 03 05 12 15 23 24 07 
NO.: 12128, Result: 05 09 12 29 30 31 05 
NO.: 11036, Result: 02 11 20 22 24 31 05 
NO.: 10022, Result: 01 02 18 29 31 32 02 
NO.: 14016, Result: 02 03 07 13 21 24 08 
NO.: 04045, Result: 01 12 18 26 27 28 13 
NO.: 06033, Result: 15 20 22 23 27 31 06 
NO.: 12006, Result: 02 22 25 29 32 33 08 
NO.: 05062, Result: 02 07 11 12 20 23 07 
NO.: 10111, Result: 04 07 08 13 17 18 10 
NO.: 06071, Result: 05 11 12 19 29 31 01 
NO.: 11112, Result: 03 05 16 18 23 24 15 
NO.: 07042, Result: 03 13 16 19 32 33 08 
NO.: 03034, Result: 08 13 14 16 23 25 14 
NO.: 04113, Result: 08 10 23 25 31 32 07 
NO.: 07003, Result: 05 09 11 12 22 27 15 
NO.: 07126, Result: 09 10 19 23 26 31 09 
NO.: 11016, Result: 03 04 16 17 22 29 13 
NO.: 14067, Result: 01 06 07 17 18 23 06 
NO.: 07128, Result: 09 10 19 21 27 31 05 
NO.: 09063, Result: 02 05 11 26 30 32 16 
NO.: 09024, Result: 01 03 17 23 30 33 12 
NO.: 13018, Result: 02 08 13 28 29 30 05 
NO.: 11069, Result: 02 13 16 18 24 30 12 
NO.: 05023, Result: 10 15 19 20 21 25 12 
NO.: 11081, Result: 06 14 19 23 25 32 12 
NO.: 11010, Result: 01 04 05 09 15 19 13 
NO.: 10104, Result: 07 17 23 24 27 32 02 
NO.: 13035, Result: 01 14 15 17 26 30 02 
NO.: 11135, Result: 12 13 17 20 25 26 12 
NO.: 11141, Result: 02 04 06 19 24 29 11 
NO.: 08032, Result: 05 14 16 21 23 28 13 
NO.: 08098, Result: 06 07 10 11 15 30 01 
NO.: 09073, Result: 09 16 17 18 22 27 14 
NO.: 13142, Result: 11 12 14 20 22 29 14 
NO.: 10147, Result: 02 08 15 18 24 30 03 
NO.: 13140, Result: 01 05 12 13 21 22 10 
NO.: 04090, Result: 01 18 20 24 32 33 12 
NO.: 08133, Result: 08 11 16 19 24 26 11 
NO.: 07027, Result: 02 03 09 22 24 27 11 
NO.: 11104, Result: 09 10 16 20 25 29 09 
NO.: 05022, Result: 08 10 12 21 32 33 04 
NO.: 10025, Result: 04 05 07 10 13 25 11 
NO.: 07112, Result: 07 11 14 16 25 32 11 
NO.: 11055, Result: 08 13 16 17 29 32 16 
NO.: 09127, Result: 02 11 12 14 15 16 04 
NO.: 12132, Result: 07 12 16 17 21 25 10 
NO.: 08124, Result: 01 07 10 13 21 22 03 
NO.: 09070, Result: 01 02 09 10 21 31 10 
NO.: 09102, Result: 03 05 07 08 14 31 10 
NO.: 05124, Result: 05 06 10 19 31 33 11 
NO.: 04072, Result: 08 15 18 28 30 33 14 
NO.: 14057, Result: 02 04 12 18 23 31 08 
NO.: 03038, Result: 05 07 08 24 25 27 16 
NO.: 04074, Result: 05 06 15 19 26 29 13 
NO.: 09010, Result: 03 10 17 19 20 24 02 
NO.: 03019, Result: 04 08 12 13 16 33 09 
NO.: 05001, Result: 01 07 08 23 27 28 14 
NO.: 11130, Result: 07 14 18 23 25 32 15 
NO.: 10060, Result: 01 08 15 18 22 27 09 
NO.: 07122, Result: 04 07 19 24 26 32 09 
NO.: 13084, Result: 05 07 09 11 20 21 03 
NO.: 06094, Result: 15 16 17 18 24 33 13 
NO.: 05127, Result: 04 06 11 14 23 25 12 
NO.: 12145, Result: 05 20 26 27 28 33 03 
NO.: 12141, Result: 03 05 08 19 20 27 09 
NO.: 03056, Result: 08 17 21 26 28 29 07 
NO.: 12097, Result: 05 08 13 14 19 22 06 
NO.: 13114, Result: 04 06 17 21 23 33 07 
NO.: 07064, Result: 02 06 09 16 21 23 16 
NO.: 05063, Result: 02 11 13 18 22 30 04 
NO.: 09033, Result: 07 08 13 14 29 30 06 
NO.: 11058, Result: 07 18 22 30 32 33 06 
NO.: 09005, Result: 01 03 08 15 17 21 13 
NO.: 14061, Result: 02 14 17 27 28 31 08 
NO.: 09048, Result: 03 07 11 15 17 31 01 
NO.: 08065, Result: 05 13 15 19 30 31 05 
NO.: 12033, Result: 02 03 15 16 17 27 04 
NO.: 05056, Result: 12 17 19 27 29 31 09 
NO.: 11149, Result: 04 05 06 07 23 31 16 
NO.: 03016, Result: 11 17 28 30 31 33 06 
NO.: 09045, Result: 03 04 06 23 30 32 01 
NO.: 07136, Result: 01 02 18 21 25 29 14 
NO.: 11057, Result: 04 06 20 21 26 33 02 
NO.: 14035, Result: 07 08 09 17 32 33 06 
NO.: 05016, Result: 01 05 06 12 16 30 15 
NO.: 06041, Result: 03 10 16 18 21 28 04 
NO.: 09149, Result: 01 03 16 18 22 29 04 
NO.: 12062, Result: 02 13 16 17 20 31 07 
NO.: 09061, Result: 10 11 13 16 19 30 03 
NO.: 08118, Result: 04 09 16 27 31 33 01 
NO.: 05032, Result: 05 15 19 20 25 29 03 
NO.: 07092, Result: 14 18 22 23 24 33 09 
NO.: 13078, Result: 03 05 17 18 26 27 15 
NO.: 11067, Result: 17 19 20 24 25 27 12 
NO.: 04114, Result: 01 06 09 17 21 22 01 
NO.: 12095, Result: 17 24 27 28 29 30 02 
NO.: 07120, Result: 06 07 11 12 18 25 01 
NO.: 11034, Result: 13 14 17 19 24 31 08 
NO.: 12147, Result: 02 12 15 23 24 32 09 
NO.: 07102, Result: 04 06 08 18 20 33 11 
NO.: 05112, Result: 04 12 22 28 29 30 16 
NO.: 06059, Result: 05 10 15 17 27 29 11 
NO.: 10103, Result: 06 09 14 17 20 33 09 
NO.: 05052, Result: 01 02 14 17 30 32 01 
NO.: 12077, Result: 02 04 13 18 26 28 12 
NO.: 08023, Result: 08 16 18 25 26 32 02 
NO.: 05123, Result: 11 12 13 17 18 25 07 
NO.: 06151, Result: 01 03 04 06 16 22 08 
NO.: 13132, Result: 20 21 22 23 25 27 12 
NO.: 11009, Result: 17 18 23 24 25 26 04 
NO.: 13004, Result: 06 10 16 20 27 32 08 
NO.: 05054, Result: 05 13 17 18 21 29 14 
NO.: 06005, Result: 03 19 20 24 26 27 11 
NO.: 07075, Result: 13 16 17 22 30 32 03 
NO.: 11137, Result: 02 11 18 23 30 33 13 
NO.: 10044, Result: 03 09 21 23 27 31 05 
NO.: 10027, Result: 03 04 15 25 26 30 13 
NO.: 10015, Result: 01 04 16 21 23 28 06 
NO.: 09125, Result: 06 07 08 22 26 27 12 
NO.: 09007, Result: 01 05 12 23 25 26 15 
NO.: 07082, Result: 05 15 17 18 25 32 15 
NO.: 04017, Result: 05 12 14 15 25 31 09 
NO.: 05045, Result: 01 07 10 15 18 20 10 
NO.: 09103, Result: 06 11 17 20 23 24 09 
NO.: 12130, Result: 01 03 15 20 22 31 03 
NO.: 14062, Result: 06 09 15 24 25 26 09 
NO.: 13099, Result: 05 11 20 21 26 31 03 
NO.: 09008, Result: 04 15 16 22 32 33 02 
NO.: 10101, Result: 04 09 18 21 25 26 06 
NO.: 05151, Result: 04 11 12 13 19 30 05 
NO.: 14034, Result: 01 03 04 08 25 31 06 
NO.: 07069, Result: 03 04 11 12 14 32 12 
NO.: 13118, Result: 02 03 17 22 32 33 16 
NO.: 12107, Result: 11 12 15 24 25 31 09 
NO.: 13079, Result: 07 13 17 19 22 26 13 
NO.: 13133, Result: 04 07 12 19 22 25 01 
NO.: 06052, Result: 11 24 26 27 30 32 03 
NO.: 11103, Result: 04 05 10 13 15 16 12 
NO.: 07049, Result: 04 14 18 19 31 33 02 
NO.: 04031, Result: 03 06 19 20 21 24 11 
NO.: 08084, Result: 04 07 13 20 29 30 16 
NO.: 11014, Result: 05 07 10 11 23 26 16 
NO.: 06133, Result: 04 06 20 25 29 31 03 
NO.: 03083, Result: 01 03 14 18 26 28 01 
NO.: 05079, Result: 03 09 20 24 25 28 05 
NO.: 10013, Result: 01 02 03 16 18 23 12 
NO.: 06044, Result: 02 10 18 21 30 31 05 
NO.: 10017, Result: 01 03 06 11 12 23 11 
NO.: 10125, Result: 06 07 13 23 28 29 09 
NO.: 14029, Result: 02 07 14 16 21 29 14 
NO.: 07048, Result: 02 11 12 15 17 28 12 
NO.: 10032, Result: 08 18 21 28 29 33 08 
NO.: 06009, Result: 05 06 08 20 26 30 06 
NO.: 11046, Result: 09 17 18 26 29 30 08 
NO.: 08100, Result: 08 14 17 21 27 28 14 
NO.: 04118, Result: 03 04 07 12 30 31 15 
NO.: 07099, Result: 03 04 14 27 31 33 05 
NO.: 12029, Result: 04 07 15 25 26 28 03 
NO.: 11134, Result: 01 02 06 07 30 31 10 
NO.: 09143, Result: 05 09 11 17 23 28 10 
NO.: 15002, Result: 02 03 10 18 25 27 30 24 
NO.: 10070, Result: 08 13 23 27 31 33 07 
NO.: 09066, Result: 02 15 19 24 31 32 04 
NO.: 06042, Result: 03 16 23 26 28 31 11 
NO.: 11097, Result: 09 17 19 20 21 26 16 
NO.: 09031, Result: 01 02 03 15 30 33 01 
NO.: 13023, Result: 03 06 15 18 30 32 05 
NO.: 04081, Result: 03 05 21 24 27 32 06 
NO.: 07139, Result: 06 10 12 14 16 22 06 
NO.: 10056, Result: 01 02 03 08 13 32 07 
NO.: 11090, Result: 02 05 14 18 21 25 16 
NO.: 06124, Result: 12 13 14 18 31 32 13 
NO.: 05095, Result: 09 12 18 21 28 29 05 
NO.: 07124, Result: 03 07 13 16 19 32 16 
NO.: 12125, Result: 08 12 13 26 29 33 01 
NO.: 09109, Result: 05 06 07 14 25 28 01 
NO.: 09117, Result: 05 09 15 21 26 31 13 
NO.: 11085, Result: 03 06 11 21 24 31 10 
NO.: 06023, Result: 04 13 14 19 23 28 08 
NO.: 06069, Result: 05 16 20 22 29 30 08 
NO.: 05101, Result: 09 16 19 21 22 24 12 
NO.: 04102, Result: 03 09 12 15 28 32 01 
NO.: 08008, Result: 02 15 16 23 26 27 07 
NO.: 04050, Result: 06 07 19 21 25 29 02 
NO.: 06117, Result: 06 14 20 22 23 26 09 
NO.: 11129, Result: 07 10 11 21 23 26 06 
NO.: 12124, Result: 06 07 21 25 27 33 11 
NO.: 06040, Result: 15 22 25 26 28 33 03 
NO.: 04016, Result: 04 07 08 28 30 32 05 
NO.: 03011, Result: 04 05 11 12 30 32 15 
NO.: 03052, Result: 01 12 13 23 30 31 11 
NO.: 12001, Result: 01 04 05 09 15 17 06 
NO.: 14023, Result: 07 09 13 17 21 22 10 
NO.: 10109, Result: 04 15 18 25 29 32 15 
NO.: 05097, Result: 05 10 23 27 28 30 15 
NO.: 06014, Result: 06 14 26 29 32 33 07 
NO.: 05109, Result: 03 05 13 15 17 31 04 
NO.: 13098, Result: 07 15 18 19 20 26 14 
NO.: 09147, Result: 06 08 10 18 22 32 16 
NO.: 12093, Result: 03 05 19 21 24 33 13 
NO.: 12007, Result: 10 17 19 27 28 32 04 
NO.: 12044, Result: 06 09 10 14 22 25 03 
NO.: 13021, Result: 01 06 17 19 26 31 11 
NO.: 09047, Result: 06 08 11 15 21 22 16 
NO.: 08049, Result: 03 10 12 13 19 25 04 
NO.: 10089, Result: 07 08 09 16 23 26 01 
NO.: 03008, Result: 05 08 09 14 17 23 08 
NO.: 12041, Result: 08 11 15 20 24 32 02 
NO.: 03075, Result: 16 17 19 22 31 33 11 
NO.: 12100, Result: 05 07 15 18 25 33 10 
NO.: 06090, Result: 02 11 15 20 23 29 11 
NO.: 12008, Result: 01 12 20 23 24 29 08 
NO.: 12122, Result: 12 13 19 22 28 29 11 
NO.: 13009, Result: 01 04 09 13 16 23 02 
NO.: 06063, Result: 04 05 15 21 23 24 08 
NO.: 09057, Result: 05 07 10 14 17 25 11 
NO.: 10088, Result: 05 06 15 23 27 30 12 
NO.: 07132, Result: 01 09 16 21 22 23 05 
NO.: 14068, Result: 04 12 13 22 27 29 16 
NO.: 05147, Result: 06 07 15 27 28 30 10 
NO.: 06062, Result: 18 22 23 24 26 30 01 
NO.: 07080, Result: 01 08 16 18 19 29 04 
NO.: 13028, Result: 07 08 14 25 26 28 13 
NO.: 15001, Result: 01 07 09 16 20 23 06 
NO.: 09043, Result: 04 09 10 15 18 26 07 
NO.: 13034, Result: 06 15 20 22 26 33 09 
NO.: 05013, Result: 07 08 16 19 20 24 06 
NO.: 12149, Result: 01 05 13 25 26 32 13 
NO.: 04064, Result: 14 15 18 20 27 31 04 
NO.: 13153, Result: 08 11 13 18 28 33 10 
NO.: 05148, Result: 03 15 17 23 24 29 13 
NO.: 04028, Result: 01 02 03 05 10 22 12 
NO.: 07023, Result: 03 07 13 17 32 33 02 
NO.: 11011, Result: 01 12 18 19 21 24 10 
NO.: 08035, Result: 07 11 14 17 18 29 16 
NO.: 05027, Result: 01 03 04 06 21 32 15 
NO.: 13016, Result: 02 05 06 12 14 28 05 
NO.: 08082, Result: 04 08 10 12 21 26 09 
NO.: 14069, Result: 05 12 17 19 25 30 11 
NO.: 09002, Result: 10 14 17 25 29 33 14 
NO.: 12094, Result: 06 09 14 16 23 33 15 
NO.: 12025, Result: 03 08 09 17 25 27 06 
NO.: 06079, Result: 06 11 13 17 20 32 08 
NO.: 12115, Result: 03 08 20 24 26 32 14 
NO.: 13107, Result: 07 09 11 17 28 31 11 
NO.: 08068, Result: 05 07 17 23 27 29 07 
NO.: 14066, Result: 02 05 15 17 18 21 16 
NO.: 06126, Result: 02 08 13 16 24 33 09 
NO.: 03062, Result: 01 06 12 19 20 32 14 
NO.: 07002, Result: 05 06 14 20 21 22 01 
NO.: 04038, Result: 11 16 17 25 28 29 07 
NO.: 11118, Result: 05 06 11 14 20 21 10 
NO.: 05046, Result: 09 16 18 20 22 24 05 
NO.: 12096, Result: 04 07 11 16 29 33 07 
NO.: 13008, Result: 03 08 17 21 25 32 15 
NO.: 10121, Result: 08 11 13 18 25 30 15 
NO.: 07043, Result: 03 08 10 11 14 30 05 
NO.: 13001, Result: 06 08 14 15 24 25 06 
NO.: 10051, Result: 04 17 23 27 28 32 03 
NO.: 10129, Result: 04 08 14 25 28 32 16 
NO.: 11005, Result: 06 09 12 14 20 22 13 
NO.: 06026, Result: 01 02 18 22 29 32 03 
NO.: 03072, Result: 03 06 08 11 19 27 11 
NO.: 07131, Result: 03 05 07 16 22 27 05 
NO.: 12065, Result: 08 10 18 19 27 31 14 
NO.: 06116, Result: 05 16 21 22 32 33 09 
NO.: 04097, Result: 10 19 20 26 29 31 14 
NO.: 07041, Result: 01 03 09 11 26 31 12 
NO.: 03042, Result: 03 05 07 10 15 20 07 
NO.: 09107, Result: 07 08 20 23 28 29 05 
NO.: 06137, Result: 10 14 17 21 27 31 09 
NO.: 07118, Result: 04 10 16 18 25 32 15 
NO.: 12085, Result: 05 17 24 30 31 33 05 
NO.: 08048, Result: 11 18 21 27 30 32 01 
NO.: 07146, Result: 04 18 22 24 26 30 09 
NO.: 09145, Result: 03 05 11 15 26 33 11 
NO.: 05004, Result: 01 04 08 09 22 23 03 
NO.: 05006, Result: 02 04 05 15 21 31 16 
NO.: 13039, Result: 01 02 14 15 24 29 06 
NO.: 10008, Result: 05 07 13 15 18 30 14 
NO.: 03089, Result: 18 19 21 26 27 33 16 
NO.: 13064, Result: 01 09 13 22 25 32 12 
NO.: 10065, Result: 02 07 08 17 30 32 12 
NO.: 06087, Result: 04 05 08 09 12 30 05 
NO.: 03079, Result: 12 15 22 23 26 31 04 
NO.: 07033, Result: 03 04 11 17 18 28 09 
NO.: 05047, Result: 02 03 05 07 08 27 15 
NO.: 05099, Result: 10 13 16 22 24 31 09 
NO.: 11084, Result: 09 10 12 16 18 32 15 
NO.: 13005, Result: 01 13 14 25 31 32 12 
NO.: 11033, Result: 02 08 12 13 19 29 04 
NO.: 10034, Result: 06 11 13 22 25 32 12 
NO.: 06078, Result: 03 05 17 22 31 33 12 
NO.: 05135, Result: 01 05 13 15 21 25 11 
NO.: 04110, Result: 14 19 20 21 22 31 11 
NO.: 12089, Result: 03 07 10 13 14 25 11 
NO.: 06140, Result: 01 08 11 18 19 23 05 
NO.: 13015, Result: 05 06 07 11 13 18 15 
NO.: 05040, Result: 01 12 21 24 30 32 13 
NO.: 11077, Result: 01 07 08 15 26 29 10 
NO.: 12123, Result: 08 10 16 25 28 33 09 
NO.: 05116, Result: 04 06 08 14 15 30 10 
NO.: 11053, Result: 03 06 10 12 22 30 15 
NO.: 08029, Result: 01 09 14 22 29 32 12 
NO.: 13030, Result: 07 14 18 25 26 29 06 
NO.: 11066, Result: 04 06 14 17 30 32 12 
NO.: 11119, Result: 09 12 14 19 28 32 01 
NO.: 13070, Result: 02 03 09 10 28 30 06 
NO.: 11082, Result: 07 16 17 20 25 26 04 
NO.: 12028, Result: 10 15 20 21 28 30 11 
NO.: 12116, Result: 03 21 26 29 31 32 03 
NO.: 09129, Result: 06 07 16 17 24 25 07 
NO.: 13049, Result: 10 13 14 16 21 32 14 
NO.: 12079, Result: 06 07 12 24 30 33 12 
NO.: 06120, Result: 06 08 14 15 24 33 09 
NO.: 03065, Result: 06 15 16 17 30 33 11 
NO.: 10140, Result: 01 12 13 18 26 29 15 
NO.: 04055, Result: 06 08 19 25 29 32 07 
NO.: 07151, Result: 01 06 10 11 23 25 02 
NO.: 04116, Result: 01 03 05 08 14 33 03 
NO.: 11094, Result: 09 11 12 17 18 19 05 
NO.: 05015, Result: 04 08 09 16 17 29 15 
NO.: 11070, Result: 01 03 05 12 21 28 12 
NO.: 09100, Result: 02 11 17 27 30 33 11 
NO.: 09001, Result: 04 21 23 24 30 31 04 
NO.: 09121, Result: 02 04 06 10 25 30 09 
NO.: 05106, Result: 01 11 13 24 26 31 13 
NO.: 10037, Result: 03 16 19 21 24 26 06 
NO.: 05018, Result: 01 03 06 22 23 25 06 
NO.: 07081, Result: 09 14 15 19 24 33 13 
NO.: 04048, Result: 08 09 11 16 17 29 09 
NO.: 06066, Result: 06 08 11 18 30 33 05 
NO.: 10134, Result: 09 15 16 22 27 28 06 
NO.: 05033, Result: 07 08 12 14 19 20 07 
NO.: 11138, Result: 01 05 15 24 28 32 07 
NO.: 06067, Result: 07 08 11 16 17 24 13 
NO.: 10110, Result: 01 03 12 24 26 27 01 
NO.: 13014, Result: 02 04 05 17 19 20 08 
NO.: 09051, Result: 06 10 13 16 21 23 07 
NO.: 10002, Result: 03 06 07 23 30 33 13 
NO.: 13154, Result: 07 11 14 19 24 29 05 
NO.: 10020, Result: 05 06 14 22 24 26 09 
NO.: 13027, Result: 01 02 04 12 21 24 12 
NO.: 08039, Result: 01 07 10 13 22 29 01 
NO.: 06101, Result: 09 12 20 26 27 28 16 
NO.: 09028, Result: 03 06 12 15 23 26 10 
NO.: 08112, Result: 05 13 14 19 22 23 06 
NO.: 03081, Result: 01 02 14 26 29 30 07 
NO.: 05140, Result: 04 06 07 08 12 17 07 
NO.: 08105, Result: 05 17 19 27 28 32 02 
NO.: 11120, Result: 04 14 17 28 30 33 07 
NO.: 04088, Result: 02 10 19 22 24 32 14 
NO.: 08103, Result: 01 12 16 18 22 33 04 
NO.: 06135, Result: 04 19 21 22 23 31 04 
NO.: 10144, Result: 02 03 08 15 19 21 11 
NO.: 11002, Result: 06 08 12 17 28 33 05 
NO.: 09055, Result: 03 04 18 22 24 29 11 
NO.: 06132, Result: 06 14 22 26 30 33 01 
NO.: 08063, Result: 05 09 11 14 16 17 15 
NO.: 12148, Result: 03 06 11 17 21 31 07 
NO.: 07110, Result: 02 04 07 15 24 28 03 
NO.: 03088, Result: 03 10 21 22 24 33 12 
NO.: 13117, Result: 09 12 13 24 27 33 16 
NO.: 10078, Result: 01 03 09 11 17 23 12 
NO.: 12129, Result: 01 07 09 17 21 29 01 
NO.: 14150, Result: 03 08 14 22 24 32 09 
NO.: 09019, Result: 06 17 19 20 26 27 04 
NO.: 08111, Result: 17 18 21 25 31 32 06 
NO.: 12084, Result: 02 10 20 26 28 29 14 
NO.: 13038, Result: 09 10 12 14 15 19 11 
NO.: 14080, Result: 05 14 16 17 25 30 07 
NO.: 07046, Result: 02 06 07 09 19 26 14 
NO.: 07107, Result: 02 08 09 18 24 28 10 
NO.: 05131, Result: 02 07 10 11 12 24 03 
NO.: 07058, Result: 07 08 10 13 25 27 07 
NO.: 04060, Result: 03 05 11 24 27 28 15 
NO.: 09044, Result: 11 14 16 18 26 30 01 
NO.: 06097, Result: 11 14 15 20 26 27 12 
NO.: 04001, Result: 01 02 03 07 10 25 07 
NO.: 09132, Result: 04 14 15 21 23 30 07 
NO.: 07119, Result: 03 08 11 13 25 31 12 
NO.: 08104, Result: 03 06 08 17 24 31 01 
NO.: 13147, Result: 02 15 16 17 19 30 08 
NO.: 07149, Result: 01 17 19 22 28 30 03 
NO.: 05007, Result: 07 15 17 20 23 33 15 
NO.: 12016, Result: 02 05 12 17 22 25 08 
NO.: 09027, Result: 02 07 11 16 27 32 06 
NO.: 07135, Result: 01 11 16 26 31 33 16 
NO.: 06011, Result: 05 07 08 14 27 31 11 
NO.: 07014, Result: 01 13 16 20 24 26 09 
NO.: 03087, Result: 02 03 04 05 24 28 13 
NO.: 07079, Result: 03 04 14 20 21 25 14 
NO.: 04056, Result: 01 20 21 25 29 30 02 
NO.: 03020, Result: 07 10 25 26 27 32 04 
NO.: 05104, Result: 02 04 21 23 30 33 09 
NO.: 10048, Result: 01 06 08 10 23 33 02 
NO.: 07130, Result: 03 05 09 11 27 31 04 
NO.: 04099, Result: 05 10 21 22 26 33 02 
NO.: 07059, Result: 01 03 04 06 07 29 14 
NO.: 13046, Result: 03 16 19 20 24 26 06 
NO.: 08106, Result: 14 19 25 27 29 30 15 
NO.: 13101, Result: 05 07 09 23 27 32 01 
NO.: 09112, Result: 06 07 18 24 30 32 09 
NO.: 07056, Result: 14 17 21 29 31 32 12 
NO.: 09041, Result: 01 08 23 26 28 33 08 
NO.: 10059, Result: 01 09 11 12 18 30 10 
NO.: 08152, Result: 01 04 06 22 26 30 08 
NO.: 08134, Result: 10 15 19 20 28 32 02 
NO.: 12009, Result: 04 16 24 26 27 33 11 
NO.: 07036, Result: 03 14 21 23 30 31 10 
NO.: 05100, Result: 02 04 09 14 16 31 03 
NO.: 12133, Result: 01 08 11 20 21 29 02 
NO.: 08016, Result: 03 12 14 21 29 33 13 
NO.: 03032, Result: 04 11 25 27 29 30 13 
NO.: 08126, Result: 04 11 12 14 20 30 13 
NO.: 03085, Result: 01 04 11 12 19 27 14 
NO.: 06003, Result: 02 04 05 06 16 20 12 
NO.: 03022, Result: 02 07 11 12 14 32 08 
NO.: 06039, Result: 16 19 22 28 31 32 03 
NO.: 04071, Result: 03 08 16 17 21 29 06 
NO.: 12099, Result: 08 12 15 16 21 27 16 
NO.: 14018, Result: 13 17 18 21 30 33 15 
NO.: 06106, Result: 02 12 14 19 28 33 10 
NO.: 10036, Result: 06 13 14 28 29 30 08 
NO.: 10042, Result: 03 06 11 20 31 32 10 
NO.: 07152, Result: 11 17 21 29 30 33 08 
NO.: 13122, Result: 07 10 13 15 26 27 11 
NO.: 11028, Result: 01 04 05 14 16 17 01 
NO.: 14027, Result: 08 10 14 16 30 31 01 
NO.: 13091, Result: 04 14 24 25 28 31 10 
NO.: 07137, Result: 03 07 08 18 20 22 03 
NO.: 15003, Result: 
NO.: 05060, Result: 09 12 21 25 31 33 13 
NO.: 12080, Result: 04 09 14 15 16 27 03 
NO.: 10038, Result: 01 06 07 11 13 16 01 
NO.: 09116, Result: 05 17 21 25 27 32 14 
NO.: 06128, Result: 04 15 21 30 31 33 05 
NO.: 11139, Result: 08 20 24 27 30 31 03 
NO.: 11031, Result: 16 17 24 28 29 32 12 
NO.: 13058, Result: 08 11 17 21 23 24 05 
NO.: 12010, Result: 01 03 13 19 25 26 10 
NO.: 12036, Result: 02 11 13 18 19 26 09 
NO.: 14036, Result: 01 07 08 09 11 22 03 
NO.: 04083, Result: 14 16 27 28 30 33 06 
NO.: 12121, Result: 01 07 08 20 23 24 11 
NO.: 09084, Result: 04 09 11 20 32 33 13 
NO.: 11041, Result: 04 10 12 13 30 32 13 
NO.: 04120, Result: 07 08 18 21 27 32 10 
NO.: 11115, Result: 07 08 09 12 17 33 16 
NO.: 10030, Result: 03 06 10 16 25 31 05 
NO.: 11045, Result: 02 16 17 20 26 32 08 
NO.: 04015, Result: 01 03 05 18 22 23 13 
NO.: 08080, Result: 04 14 22 25 29 32 14 
NO.: 13072, Result: 02 08 11 14 19 33 09 
NO.: 15003, Result: 
NO.: 08147, Result: 07 08 14 22 26 33 02 
NO.: 09077, Result: 01 09 14 16 28 32 16 
NO.: 11140, Result: 04 18 20 22 27 29 06 
NO.: 07032, Result: 04 08 16 24 30 32 16 
NO.: 14007, Result: 08 10 12 14 18 28 14 
NO.: 06058, Result: 01 12 22 23 24 25 14 
NO.: 10064, Result: 08 14 25 26 30 31 11 
NO.: 08061, Result: 01 02 05 12 26 31 06 
NO.: 13143, Result: 12 18 21 22 27 32 11 
NO.: 08015, Result: 06 08 11 16 29 33 03 
NO.: 07148, Result: 03 09 16 17 23 28 07 
NO.: 14028, Result: 06 16 21 27 30 32 05 
NO.: 14050, Result: 03 17 23 25 26 32 13 
NO.: 11006, Result: 01 03 05 13 16 18 05 
NO.: 07103, Result: 07 09 25 27 30 32 01 
NO.: 04039, Result: 10 16 18 25 26 29 03 
NO.: 12027, Result: 04 16 22 25 30 31 12 
NO.: 08090, Result: 02 07 14 18 19 24 01 
NO.: 09082, Result: 11 15 18 21 27 29 02 
NO.: 03074, Result: 02 12 19 22 27 32 01 
NO.: 12034, Result: 02 03 08 23 32 33 16 
NO.: 05114, Result: 06 07 10 15 21 27 06 
NO.: 13043, Result: 03 06 14 15 17 25 16 
NO.: 07026, Result: 01 04 14 16 26 29 10 
NO.: 04104, Result: 07 11 17 18 24 29 05 
NO.: 09079, Result: 02 09 16 21 30 31 13 
NO.: 04046, Result: 07 15 16 22 23 32 14 
NO.: 04117, Result: 01 03 07 14 24 25 07 
NO.: 04035, Result: 02 08 26 27 30 32 16 
NO.: 12059, Result: 04 13 21 22 26 31 01 
NO.: 11078, Result: 03 05 13 20 22 29 09 
NO.: 13120, Result: 05 06 13 18 23 31 11 
NO.: 06038, Result: 02 14 17 19 22 30 10 
NO.: 03005, Result: 04 06 15 17 30 31 16 
NO.: 08030, Result: 06 15 18 19 20 28 11 
NO.: 06029, Result: 03 04 07 09 14 19 08 
NO.: 09092, Result: 02 06 07 14 18 31 08 
NO.: 11116, Result: 01 07 11 12 17 27 05 
NO.: 12131, Result: 06 18 19 26 28 32 12 
NO.: 11027, Result: 13 18 21 22 25 26 01 
NO.: 06048, Result: 09 13 19 25 29 32 12 
NO.: 05120, Result: 01 06 13 18 30 32 14 
NO.: 14038, Result: 04 07 22 23 24 33 16 
NO.: 09053, Result: 07 12 18 19 22 28 04 
NO.: 08115, Result: 02 12 13 14 17 18 06 
NO.: 07007, Result: 04 12 15 17 22 32 14 
NO.: 06073, Result: 05 13 16 18 27 29 12 
NO.: 14037, Result: 06 13 14 24 25 30 07 
NO.: 13051, Result: 08 12 15 19 28 29 02 
NO.: 13042, Result: 01 08 12 13 15 33 03 
NO.: 09105, Result: 02 08 10 16 27 30 15 
NO.: 08150, Result: 04 19 22 24 29 32 02 
NO.: 10018, Result: 11 28 29 30 32 33 02 
NO.: 09101, Result: 01 02 05 10 19 24 14 
NO.: 03023, Result: 01 10 20 22 26 31 02 
NO.: 06146, Result: 03 09 13 23 28 30 05 
NO.: 04112, Result: 09 13 15 21 26 33 06 
NO.: 10026, Result: 02 04 05 08 19 22 12 
NO.: 04106, Result: 10 15 23 26 28 29 12 
NO.: 07096, Result: 09 10 20 22 30 32 08 
NO.: 10077, Result: 02 08 14 20 21 24 09 
NO.: 11136, Result: 02 04 06 20 22 31 07 
NO.: 03035, Result: 03 04 05 08 10 11 08 
NO.: 05019, Result: 06 11 12 13 19 22 08 
NO.: 11050, Result: 04 05 19 22 28 29 15 
NO.: 11012, Result: 07 08 11 13 15 26 13 
NO.: 05111, Result: 03 07 15 16 19 29 09 
NO.: 12038, Result: 09 10 11 15 19 33 16 
NO.: 05108, Result: 03 10 12 24 29 30 06 
NO.: 11126, Result: 03 07 13 18 23 26 16 
NO.: 09020, Result: 03 05 07 10 19 23 13 
NO.: 14079, Result: 02 07 16 22 27 28 02 
NO.: 06054, Result: 03 05 07 10 28 30 04 
NO.: 09090, Result: 07 09 14 20 23 30 14 
NO.: 03003, Result: 01 07 10 23 28 32 16 
NO.: 05059, Result: 07 11 14 18 24 29 07 
NO.: 06017, Result: 03 04 08 31 32 33 02 
NO.: 03018, Result: 05 16 19 20 25 28 13 
NO.: 13022, Result: 02 04 07 09 15 20 07 
NO.: 10055, Result: 02 03 13 19 20 23 08 
NO.: 09141, Result: 02 13 21 28 29 31 09 
NO.: 08125, Result: 10 11 12 15 26 29 09 
NO.: 06100, Result: 01 11 18 26 30 32 03 
NO.: 11043, Result: 04 13 14 17 25 31 04 
NO.: 06028, Result: 05 07 14 16 17 27 04 
NO.: 04063, Result: 07 10 13 16 27 28 07 
NO.: 11088, Result: 03 09 17 20 21 29 04 
NO.: 13071, Result: 05 12 21 23 26 28 09 
NO.: 14011, Result: 09 10 13 14 21 32 02 
NO.: 09078, Result: 05 07 12 14 15 20 13 
NO.: 13037, Result: 02 15 18 27 28 32 14 
NO.: 05091, Result: 01 11 12 15 26 27 13 
NO.: 05031, Result: 04 10 16 20 23 32 07 
NO.: 10102, Result: 04 11 16 20 22 29 10 
NO.: 06088, Result: 03 11 20 24 25 26 01 
NO.: 04004, Result: 10 19 22 23 25 29 09 
NO.: 08051, Result: 01 04 08 10 13 33 11 
NO.: 13094, Result: 02 04 14 18 20 22 07 
NO.: 10132, Result: 02 10 12 18 24 33 15 
NO.: 14076, Result: 06 10 12 17 18 33 11 
NO.: 12102, Result: 13 25 27 28 29 30 15 
NO.: 13151, Result: 03 09 10 19 28 33 09 
NO.: 09108, Result: 04 10 17 28 32 33 02 
NO.: 05064, Result: 10 18 23 27 30 32 08 
NO.: 13128, Result: 07 13 17 19 25 31 08 
NO.: 07133, Result: 03 06 07 11 13 33 10 
NO.: 11042, Result: 05 13 15 17 19 21 15 
NO.: 05072, Result: 06 10 19 20 24 33 11 
NO.: 07078, Result: 04 06 07 23 25 32 01 
NO.: 05146, Result: 07 11 19 20 24 28 02 
NO.: 14054, Result: 01 04 05 11 29 30 14 
NO.: 09040, Result: 04 07 10 20 26 30 12 
NO.: 06118, Result: 01 03 07 08 10 30 05 
NO.: 05081, Result: 02 04 10 12 26 30 03 
NO.: 05073, Result: 01 06 08 09 18 20 01 
NO.: 10016, Result: 02 08 10 12 30 33 16 
NO.: 04062, Result: 01 12 25 27 28 29 13 
NO.: 14064, Result: 02 09 15 16 29 32 14 
NO.: 14021, Result: 08 10 15 17 22 29 12 
NO.: 14073, Result: 01 12 16 20 30 33 02 
NO.: 13105, Result: 01 11 23 27 31 32 09 
NO.: 08107, Result: 06 13 18 22 27 32 04 
NO.: 14001, Result: 03 09 15 20 27 29 01 
NO.: 04069, Result: 02 11 15 20 22 29 05 
NO.: 03006, Result: 01 03 10 21 26 27 06 
NO.: 10063, Result: 02 06 10 17 23 24 03 
NO.: 11113, Result: 06 10 11 25 32 33 05 
NO.: 08017, Result: 02 05 07 17 20 22 02 
NO.: 10084, Result: 02 10 14 18 20 30 03 
NO.: 07035, Result: 01 04 08 12 29 31 06 
NO.: 03077, Result: 04 12 16 22 24 25 06 
NO.: 11060, Result: 10 11 13 21 27 31 01 
NO.: 07134, Result: 01 04 10 13 18 25 15 
NO.: 04059, Result: 04 07 11 19 23 26 10 
NO.: 05083, Result: 03 05 09 14 16 30 13 
NO.: 04040, Result: 07 17 19 20 21 29 11 
NO.: 13081, Result: 01 04 10 13 21 31 13 
NO.: 04093, Result: 11 14 20 27 32 33 05 
NO.: 11087, Result: 02 03 04 05 18 28 01 
NO.: 08101, Result: 09 17 21 26 28 30 04 
NO.: 11093, Result: 04 07 11 13 23 30 09 
NO.: 14072, Result: 01 03 07 13 19 32 16 
NO.: 11039, Result: 03 07 10 16 24 29 13 
NO.: 10095, Result: 09 11 16 17 25 27 14 
NO.: 10079, Result: 08 11 12 14 18 22 02 
NO.: 09064, Result: 01 02 14 23 28 29 15 
NO.: 05028, Result: 04 09 22 25 26 32 10 
NO.: 09091, Result: 03 08 11 14 25 29 04 
NO.: 11095, Result: 03 07 08 10 23 24 05 
NO.: 12032, Result: 01 02 10 17 22 24 04 
NO.: 14043, Result: 02 05 09 14 24 33 09 
NO.: 11152, Result: 04 10 11 12 21 26 13 
NO.: 10023, Result: 02 09 11 22 24 27 11 
NO.: 07115, Result: 01 05 10 16 20 26 02 
NO.: 07090, Result: 05 11 13 27 30 31 02 
NO.: 12040, Result: 03 08 09 22 25 31 10 
NO.: 08092, Result: 01 03 18 27 28 30 05 
NO.: 12057, Result: 03 05 19 21 27 31 04 
NO.: 07052, Result: 02 03 07 08 26 29 07 
NO.: 10141, Result: 02 03 07 18 23 27 06 
NO.: 07060, Result: 01 02 08 16 19 29 05 
NO.: 08056, Result: 08 13 22 23 25 30 07 
NO.: 12030, Result: 09 10 17 18 21 31 08 
NO.: 08146, Result: 07 08 17 19 31 32 10 
NO.: 10106, Result: 02 06 08 15 26 29 16 
NO.: 11008, Result: 10 12 13 17 24 31 15 
NO.: 05143, Result: 03 10 15 17 20 32 08 
NO.: 08127, Result: 05 08 19 22 27 30 13 
NO.: 11110, Result: 12 14 21 26 28 33 12 
NO.: 15006, Result: 
NO.: 08132, Result: 09 13 16 25 27 33 08 
NO.: 05071, Result: 04 08 12 14 16 22 10 
NO.: 2015006, Result: 
NO.: 05043, Result: 04 05 06 07 08 32 05 
NO.: 03073, Result: 02 12 14 21 23 30 13 
NO.: 06119, Result: 01 02 14 20 27 30 02 
NO.: 08002, Result: 03 04 18 22 25 29 09 
NO.: 14005, Result: 15 18 23 27 32 33 04 
NO.: 03050, Result: 02 08 17 23 24 26 13 
NO.: 08042, Result: 03 04 09 11 12 24 01 
NO.: 09054, Result: 16 17 23 26 31 32 11 
NO.: 08019, Result: 02 09 11 17 27 31 05 
NO.: 10058, Result: 01 04 11 17 19 29 12 
NO.: 09039, Result: 05 12 14 15 21 27 03 
NO.: 08117, Result: 03 05 07 10 14 33 07 
NO.: 11024, Result: 05 07 10 19 26 31 14 
NO.: 13141, Result: 03 04 05 25 30 31 04 
NO.: 05080, Result: 01 12 14 26 27 32 16 
NO.: 05044, Result: 01 06 16 17 18 22 09 
NO.: 13100, Result: 04 08 11 14 16 20 11 
NO.: 08130, Result: 01 12 18 28 30 32 06 
NO.: 05008, Result: 11 19 22 27 32 33 11 
NO.: 11133, Result: 12 14 20 21 25 31 16 
NO.: 12105, Result: 06 13 14 15 17 30 04 
NO.: 04041, Result: 08 10 17 22 25 29 14 
NO.: 09144, Result: 01 05 10 17 18 29 12 
NO.: 07088, Result: 02 04 10 28 29 33 06 
NO.: 08070, Result: 05 06 12 15 18 33 13 
NO.: 08045, Result: 01 10 13 21 29 32 04 
NO.: 10107, Result: 08 12 15 17 22 33 16 
NO.: 08022, Result: 12 18 20 24 28 32 05 
NO.: 07116, Result: 03 05 07 11 17 27 13 
NO.: 05076, Result: 04 09 11 22 25 28 13 
NO.: 13089, Result: 04 08 12 19 21 25 13 
NO.: 05125, Result: 06 14 18 28 31 32 03 
NO.: 12140, Result: 14 18 27 30 31 33 15 
NO.: 08075, Result: 01 08 14 18 22 30 03 
NO.: 05115, Result: 03 12 18 23 30 33 02 
NO.: 05009, Result: 02 17 22 27 29 31 14 
NO.: 11111, Result: 01 03 05 20 25 27 04 
NO.: 13138, Result: 04 15 16 24 27 28 03 
NO.: 06081, Result: 14 16 18 21 22 32 04 
NO.: 06093, Result: 02 12 16 18 19 23 05 
NO.: 06032, Result: 05 18 20 24 26 31 09 
NO.: 07028, Result: 03 08 13 20 29 30 11 
NO.: 05042, Result: 11 16 21 26 27 30 15 
NO.: 05129, Result: 05 10 14 20 27 33 03 
NO.: 06050, Result: 02 06 12 15 25 31 07 
NO.: 06016, Result: 01 07 13 17 23 30 16 
NO.: 10071, Result: 05 13 14 17 20 26 01 
NO.: 06022, Result: 02 03 04 13 16 27 13 
NO.: 05139, Result: 02 07 20 23 32 33 10 
NO.: 15002, Result: 03 14 20 26 32 06 10 
NO.: 07140, Result: 01 05 16 21 22 26 11 
NO.: 11048, Result: 10 14 18 25 26 27 15 
NO.: 03069, Result: 07 11 16 19 26 28 11 
NO.: 10081, Result: 02 03 09 24 26 27 05 
NO.: 08072, Result: 01 05 10 18 22 30 09 
NO.: 12117, Result: 13 15 18 20 24 28 09 
NO.: 11052, Result: 04 05 08 19 27 28 08 
NO.: 04024, Result: 01 13 21 23 25 32 06 
NO.: 07105, Result: 02 07 10 17 23 29 14 
NO.: 04107, Result: 01 08 12 13 18 20 07 
NO.: 10115, Result: 01 22 24 25 29 33 15 
NO.: 13104, Result: 01 02 04 15 17 28 11 
NO.: 13065, Result: 07 18 19 23 29 30 02 
NO.: 11018, Result: 13 15 18 28 30 33 01 
NO.: 04078, Result: 04 05 10 21 24 26 05 
NO.: 12119, Result: 12 20 25 26 27 28 13 
NO.: 11004, Result: 04 06 08 10 13 26 05 
NO.: 13097, Result: 05 14 17 22 23 25 07 
NO.: 08054, Result: 02 06 16 17 20 25 07 
NO.: 07011, Result: 03 10 15 25 28 33 16 
NO.: 07125, Result: 03 05 18 20 27 33 01 
NO.: 09059, Result: 03 07 13 23 27 30 11 
NO.: 03071, Result: 09 11 12 14 15 33 11 
NO.: 12063, Result: 02 10 17 19 24 27 12 
NO.: 10116, Result: 05 09 10 20 22 26 07 
NO.: 04057, Result: 05 21 23 25 28 32 04 
NO.: 11026, Result: 07 08 17 19 21 26 12 
NO.: 08091, Result: 03 12 14 23 31 32 10 
NO.: 08097, Result: 03 06 08 09 16 17 13 
NO.: 05098, Result: 12 15 19 22 31 33 01 
NO.: 14045, Result: 02 04 09 11 19 22 15 
NO.: 12146, Result: 01 05 07 13 29 32 13 
NO.: 14003, Result: 06 10 11 28 30 33 12 
NO.: 08044, Result: 05 07 09 20 26 29 09 
NO.: 05017, Result: 02 06 10 25 27 31 03 
NO.: 03007, Result: 01 09 19 21 23 26 07 
NO.: 08020, Result: 03 10 13 15 28 30 03 
NO.: 12035, Result: 09 11 12 21 24 26 05 
NO.: 09023, Result: 01 06 07 15 24 30 08 
NO.: 13025, Result: 16 17 18 24 25 30 08 
NO.: 04065, Result: 13 14 27 29 32 33 08 
NO.: 12103, Result: 04 09 11 14 32 33 02 
NO.: 06046, Result: 13 18 23 29 31 32 08 
NO.: 06002, Result: 07 13 16 21 26 28 09 
NO.: 03076, Result: 01 13 16 18 20 29 02 
NO.: 13106, Result: 09 11 23 30 31 32 06 
NO.: 07024, Result: 08 09 17 25 27 32 06 
NO.: 10149, Result: 02 07 08 16 25 30 09 
NO.: 10112, Result: 01 08 18 24 29 30 16 
NO.: 12152, Result: 10 12 18 22 28 29 07 
NO.: 07018, Result: 01 12 18 20 21 26 11 
NO.: 07016, Result: 01 18 20 22 26 33 05 
NO.: 12120, Result: 01 04 20 24 28 29 16 
NO.: 13061, Result: 05 06 07 12 13 18 12 
NO.: 10130, Result: 01 02 07 15 21 31 16 
NO.: 08095, Result: 03 08 14 21 28 29 03 
NO.: 04121, Result: 07 13 16 18 30 32 10 
NO.: 04103, Result: 02 03 05 09 16 21 02 
NO.: 14019, Result: 02 10 15 19 20 21 07 
NO.: 03037, Result: 09 14 17 18 26 32 07 
NO.: 07109, Result: 01 04 07 08 13 14 04 
NO.: 05038, Result: 04 07 11 20 27 28 16 
NO.: 06092, Result: 02 08 11 16 20 21 14 
NO.: 12012, Result: 15 17 18 20 23 27 01 
NO.: 07051, Result: 03 14 16 26 27 33 13 
NO.: 07113, Result: 04 18 23 25 26 31 10 
NO.: 05082, Result: 01 07 11 14 19 20 12 
NO.: 06010, Result: 04 06 12 19 27 29 08 
NO.: 03054, Result: 02 05 09 21 31 33 12 
NO.: 06086, Result: 04 06 10 24 26 31 06 
NO.: 12082, Result: 02 04 11 18 22 29 06 
NO.: 12013, Result: 06 08 24 29 30 32 13 
NO.: 05011, Result: 09 11 13 15 22 30 15 
NO.: 12037, Result: 05 14 19 24 28 33 09 
NO.: 08078, Result: 06 13 16 26 30 33 01 
NO.: 10006, Result: 03 05 07 13 14 18 05 
NO.: 09137, Result: 08 12 14 15 17 21 01 
NO.: 06012, Result: 09 11 13 27 31 33 10 
NO.: 12074, Result: 15 16 18 19 28 32 08 
NO.: 09085, Result: 04 08 12 17 20 30 03 
NO.: 06057, Result: 03 04 17 18 21 31 08 
NO.: 06139, Result: 07 08 14 21 23 25 05 
NO.: 13077, Result: 09 14 23 24 26 29 03 
NO.: 09076, Result: 09 18 19 25 28 31 06 
NO.: 13108, Result: 16 21 22 28 31 32 05 
NO.: 09111, Result: 02 04 07 14 15 25 15 
NO.: 12104, Result: 04 05 09 10 19 28 03 
NO.: 11098, Result: 03 07 20 21 22 32 05 
NO.: 09083, Result: 02 08 12 18 24 28 04 
NO.: 07074, Result: 08 13 15 25 27 28 03 
NO.: 05152, Result: 01 05 12 14 21 27 03 
NO.: 05094, Result: 03 05 09 23 27 33 03 
NO.: 10045, Result: 02 03 04 13 20 29 01 
NO.: 09067, Result: 04 10 16 23 28 30 05 
NO.: 08088, Result: 01 06 08 16 17 23 05 
NO.: 07121, Result: 03 10 21 22 27 28 06 
NO.: 13010, Result: 01 09 11 17 32 33 12 
NO.: 12031, Result: 04 16 22 24 27 31 03 
NO.: 04042, Result: 06 10 13 17 18 21 02 
NO.: 10092, Result: 03 13 19 27 28 30 02 
NO.: 09034, Result: 09 12 18 21 22 26 07 
NO.: 09037, Result: 02 06 15 18 20 31 03 
NO.: 05138, Result: 03 05 06 11 20 22 13 
NO.: 10127, Result: 01 04 08 17 25 33 01 
NO.: 10047, Result: 03 10 13 20 21 32 15 
NO.: 06098, Result: 06 07 10 11 18 23 16 
NO.: 07045, Result: 01 12 18 21 28 30 10 
NO.: 14053, Result: 14 17 19 22 26 31 02 
NO.: 13135, Result: 09 23 24 25 29 31 12 
NO.: 05025, Result: 01 07 10 11 13 32 07 
NO.: 10152, Result: 04 09 17 21 25 31 01 
NO.: 10053, Result: 03 22 24 27 28 30 14 
NO.: 08036, Result: 02 06 13 18 23 28 16 
NO.: 04075, Result: 07 18 21 26 27 28 07 
NO.: 05039, Result: 02 16 18 19 21 29 09 
NO.: 09025, Result: 10 20 22 23 26 33 11 
NO.: 13045, Result: 06 07 08 14 23 31 12 
NO.: 10120, Result: 01 02 05 06 10 29 16 
NO.: 08120, Result: 10 11 22 24 26 33 02 
NO.: 04030, Result: 01 07 09 17 26 31 05 
NO.: 08001, Result: 02 04 07 09 14 29 03 
NO.: 06127, Result: 03 04 11 17 19 30 01 
NO.: 09015, Result: 02 04 06 15 17 32 05 
NO.: 06018, Result: 01 13 14 17 24 26 05 
NO.: 04098, Result: 03 12 13 25 26 31 03 
NO.: 05005, Result: 05 09 20 26 28 33 15 
NO.: 06075, Result: 10 21 22 23 25 33 11 
NO.: 07108, Result: 03 07 12 13 20 33 02 
NO.: 04051, Result: 02 03 09 10 15 29 11 
NO.: 10080, Result: 08 10 13 14 16 23 16 
NO.: 03004, Result: 04 06 07 10 13 25 03 
NO.: 04044, Result: 02 06 07 12 31 32 05 
NO.: 11109, Result: 01 03 09 15 16 33 15 
NO.: 13053, Result: 03 12 13 22 30 33 14 
NO.: 03045, Result: 03 07 14 15 17 32 03 
NO.: 07117, Result: 03 07 09 10 26 32 01 
NO.: 03041, Result: 02 03 17 18 24 25 11 
NO.: 12134, Result: 02 05 06 07 13 23 15 
NO.: 11076, Result: 06 19 21 26 32 33 13 
NO.: 06064, Result: 03 12 14 21 24 28 11 
NO.: 11065, Result: 04 16 23 25 27 29 03 
NO.: 11059, Result: 24 26 27 29 31 33 16 
NO.: 06025, Result: 03 04 17 19 24 32 05 
NO.: 09150, Result: 04 06 07 16 19 20 04 
NO.: 05150, Result: 03 07 10 14 18 20 02 
NO.: 10090, Result: 01 06 10 15 25 31 14 
NO.: 08140, Result: 07 14 16 29 30 31 14 
NO.: 13121, Result: 04 05 06 07 25 27 07 
NO.: 10150, Result: 02 17 18 23 29 30 06 
NO.: 11101, Result: 06 10 19 23 29 31 06 
NO.: 09123, Result: 09 13 20 22 25 28 14 
NO.: 04094, Result: 05 09 10 13 24 25 08 
NO.: 06053, Result: 01 11 17 27 28 31 02 
NO.: 13119, Result: 05 15 20 22 26 32 09 
NO.: 10126, Result: 03 13 18 20 27 28 05 
NO.: 09035, Result: 06 15 21 26 29 31 05 
NO.: 09134, Result: 03 05 12 15 28 33 06 
NO.: 10072, Result: 06 08 22 23 30 31 01 
NO.: 13115, Result: 03 12 16 17 18 27 08 
NO.: 09074, Result: 05 10 16 19 23 28 13 
NO.: 12045, Result: 08 11 20 21 27 30 09 
NO.: 03013, Result: 08 13 17 21 23 32 12 
NO.: 09099, Result: 08 09 18 20 25 29 09 
NO.: 13073, Result: 02 09 13 17 20 28 11 
NO.: 10074, Result: 02 10 17 18 19 29 15 
NO.: 09133, Result: 05 09 13 18 20 32 01 
NO.: 06131, Result: 03 04 09 22 26 33 01 
NO.: 10100, Result: 01 06 12 22 23 26 08 
NO.: 06143, Result: 01 15 20 29 31 32 08 
NO.: 07063, Result: 10 15 17 24 26 28 12 
NO.: 05107, Result: 09 10 20 24 25 26 11 
NO.: 08149, Result: 10 14 22 28 29 33 02 
NO.: 04067, Result: 01 06 07 13 16 32 04 
NO.: 09012, Result: 05 11 14 17 18 28 01 
NO.: 07066, Result: 05 11 16 24 32 33 08 
NO.: 04073, Result: 02 07 13 16 23 28 16 
NO.: 14031, Result: 04 10 16 17 21 27 14 
NO.: 05068, Result: 01 08 10 13 25 33 13 
NO.: 11086, Result: 06 07 09 12 17 24 09 
NO.: 04032, Result: 02 05 08 11 15 31 13 
NO.: 13125, Result: 04 06 08 18 25 28 16 
NO.: 07129, Result: 05 07 20 21 22 30 08 
NO.: 04061, Result: 13 16 19 20 23 33 09 
NO.: 04079, Result: 07 13 14 17 19 30 03 
NO.: 07029, Result: 06 08 09 11 19 21 10 
NO.: 14056, Result: 01 11 18 20 28 29 01 
NO.: 14022, Result: 04 06 07 10 21 26 16 
NO.: 11003, Result: 13 14 21 22 23 27 04 
NO.: 04089, Result: 14 17 20 25 28 30 14 
NO.: 09013, Result: 04 08 09 21 26 27 09 
NO.: 12047, Result: 06 07 11 16 32 33 11 
NO.: 08047, Result: 09 12 13 14 20 22 10 
NO.: 14033, Result: 05 13 23 28 32 33 12 
NO.: 05132, Result: 02 04 10 18 27 29 15 
NO.: 07089, Result: 03 07 08 15 19 28 03 
NO.: 14004, Result: 01 04 19 22 24 25 15 
NO.: 12026, Result: 03 07 09 15 24 25 16 
NO.: 10124, Result: 02 06 08 11 12 25 02 
NO.: 08033, Result: 12 17 18 30 31 33 04 
NO.: 07004, Result: 03 07 10 13 25 33 10 
NO.: 07022, Result: 02 04 07 10 18 27 10 
NO.: 04087, Result: 01 03 07 08 25 26 14 
NO.: 11151, Result: 07 11 16 19 31 33 10 
NO.: 08005, Result: 03 05 15 22 24 25 15 
NO.: 04080, Result: 03 08 20 23 24 26 16 
NO.: 13055, Result: 08 18 19 22 27 32 06 
NO.: 09032, Result: 09 11 12 19 27 32 06 
NO.: 12083, Result: 04 09 14 15 26 33 04 
NO.: 10021, Result: 02 09 16 17 19 25 04 
NO.: 09022, Result: 05 08 09 10 11 18 08 
NO.: 07030, Result: 03 16 21 22 27 30 04 
NO.: 10091, Result: 06 13 16 20 22 24 16 
NO.: 09151, Result: 06 08 10 16 25 30 14 
NO.: 10143, Result: 09 16 18 26 30 31 14 
NO.: 03067, Result: 05 11 12 13 27 31 10 
NO.: 09136, Result: 01 04 14 22 30 33 01 
NO.: 11029, Result: 01 04 09 10 20 31 07 
NO.: 10086, Result: 05 21 28 29 30 31 08 
NO.: 11105, Result: 04 06 23 25 27 28 01 
NO.: 06109, Result: 01 05 17 18 23 26 13 
NO.: 12060, Result: 07 10 13 16 17 29 01 
NO.: 14006, Result: 03 04 07 17 21 27 14 
NO.: 06123, Result: 02 03 20 25 28 32 06 
NO.: 05075, Result: 11 13 14 16 18 31 14 
NO.: 04009, Result: 01 09 10 16 22 24 11 
NO.: 13013, Result: 05 06 13 19 22 28 09 
NO.: 13075, Result: 04 06 09 25 30 33 14 
NO.: 06111, Result: 01 08 11 16 17 22 15 
NO.: 04095, Result: 19 22 27 28 30 32 01 
NO.: 05122, Result: 01 04 07 14 30 32 09 
NO.: 08148, Result: 03 05 09 22 26 28 09 
NO.: 06049, Result: 06 10 12 13 17 20 03 
NO.: 11106, Result: 02 11 12 14 24 32 14 
NO.: 05002, Result: 06 09 20 26 28 33 14 
NO.: 08060, Result: 06 07 08 17 30 32 03 
NO.: 11091, Result: 09 15 21 23 28 30 03 
NO.: 12098, Result: 02 12 19 26 29 31 09 
NO.: 07093, Result: 05 10 13 15 19 29 02 
NO.: 03055, Result: 06 13 16 21 28 31 16 
NO.: 10142, Result: 02 16 18 23 26 27 10 
NO.: 08024, Result: 11 20 21 26 28 30 13 
NO.: 10024, Result: 07 16 26 27 29 31 14 
NO.: 08025, Result: 08 16 17 18 19 21 14 
NO.: 14048, Result: 06 09 16 17 24 25 16 
NO.: 04027, Result: 01 05 09 10 18 32 11 
NO.: 13126, Result: 04 10 19 27 31 33 16 
NO.: 13085, Result: 02 08 12 14 16 32 16 
NO.: 13116, Result: 12 15 21 26 32 33 07 
NO.: 07019, Result: 04 11 16 23 29 31 14 
NO.: 07071, Result: 01 06 14 21 30 31 09 
NO.: 09072, Result: 01 03 12 20 21 29 04 
NO.: 07143, Result: 01 06 22 23 24 26 04 
NO.: 07021, Result: 03 06 09 11 25 31 13 
NO.: 07111, Result: 02 09 10 12 13 17 11 
NO.: 07001, Result: 02 04 09 10 20 26 14 
NO.: 09115, Result: 02 09 13 15 19 24 03 
NO.: 08144, Result: 02 05 10 27 29 33 15 
NO.: 10133, Result: 03 09 17 21 26 32 01 
NO.: 14024, Result: 08 10 16 20 23 30 09 
NO.: 08010, Result: 03 08 11 17 21 27 09 
NO.: 05110, Result: 07 10 16 19 24 25 09 
NO.: 11099, Result: 10 12 13 21 26 27 14 
NO.: 06084, Result: 01 12 17 21 25 28 12 
NO.: 13006, Result: 09 10 13 17 22 30 13 
NO.: 11044, Result: 03 14 16 26 27 31 09 
NO.: 12114, Result: 01 06 11 26 27 29 15 
NO.: 05050, Result: 02 09 12 20 26 32 13 
NO.: 05074, Result: 06 09 18 20 26 29 09 
NO.: 07145, Result: 08 09 11 12 25 31 11 
NO.: 05058, Result: 04 06 10 21 25 26 10 
NO.: 03024, Result: 02 07 15 17 22 30 14 
NO.: 09058, Result: 05 08 10 15 23 26 09 
NO.: 10052, Result: 01 02 19 23 27 29 10 
NO.: 13080, Result: 10 11 12 23 28 32 16 
NO.: 07040, Result: 13 14 15 19 24 30 10 
NO.: 08058, Result: 01 12 21 27 29 31 11 
NO.: 14039, Result: 03 11 15 19 20 31 07 
NO.: 05026, Result: 06 12 14 20 25 26 07 
NO.: 07034, Result: 02 09 12 14 23 25 16 
NO.: 10097, Result: 10 16 18 21 24 26 01 
NO.: 05021, Result: 02 06 24 26 30 31 16 
NO.: 08028, Result: 01 13 21 26 29 32 10 
NO.: 04014, Result: 03 07 11 17 20 26 12 
NO.: 06047, Result: 02 17 20 22 28 32 03 
NO.: 04070, Result: 10 12 21 22 30 33 06 
NO.: 12002, Result: 02 03 07 09 10 32 13 
NO.: 05078, Result: 03 11 15 20 26 32 11 
NO.: 05118, Result: 04 09 12 15 26 31 16 
NO.: 04036, Result: 02 13 17 18 26 30 01 
NO.: 11021, Result: 01 02 14 18 25 31 08 
NO.: 05088, Result: 01 03 07 18 20 24 07 
NO.: 06068, Result: 03 07 10 14 30 33 10 
NO.: 11123, Result: 01 04 05 14 19 28 16 
NO.: 08077, Result: 04 12 22 26 30 33 09 
NO.: 13052, Result: 06 07 14 21 22 24 13 
NO.: 11074, Result: 02 21 26 28 29 32 01 
NO.: 09118, Result: 12 16 25 26 27 31 05 
NO.: 11047, Result: 04 13 23 25 27 33 14 
NO.: 14059, Result: 05 08 12 13 23 25 13 
NO.: 06134, Result: 10 13 18 26 28 30 12 
NO.: 06083, Result: 07 09 18 19 26 29 10 
NO.: 04091, Result: 09 13 14 21 30 33 01 
NO.: 12017, Result: 06 09 14 19 25 28 10 
NO.: 04021, Result: 05 09 11 17 26 27 10 
NO.: 14017, Result: 04 06 07 14 25 26 10 
NO.: 05037, Result: 07 12 14 22 24 32 16 
NO.: 09154, Result: 01 07 12 14 18 25 16 
NO.: 05136, Result: 05 14 16 18 25 27 13 
NO.: 07020, Result: 05 10 16 20 28 31 14 
NO.: 03021, Result: 14 15 18 25 26 30 01 
NO.: 11143, Result: 07 08 12 14 15 30 16 
NO.: 11080, Result: 02 07 09 25 31 32 09 
NO.: 08052, Result: 02 10 17 23 29 31 10 
NO.: 04077, Result: 08 09 10 14 16 26 07 
NO.: 09130, Result: 02 03 07 12 13 30 11 
NO.: 06102, Result: 01 04 13 19 20 24 11 
NO.: 05103, Result: 04 07 16 18 23 30 07 
NO.: 10012, Result: 02 08 13 14 25 33 10 
NO.: 08009, Result: 09 21 29 30 31 32 16 
NO.: 11049, Result: 01 11 17 18 27 31 14 
NO.: 10117, Result: 01 08 20 22 24 28 01 
NO.: 04111, Result: 11 16 18 20 26 31 02 
NO.: 06115, Result: 01 10 20 26 28 29 15 
NO.: 08128, Result: 01 05 19 20 27 33 05 
NO.: 13048, Result: 10 13 17 28 30 32 04 
NO.: 07085, Result: 02 12 17 19 29 30 12 
NO.: 12138, Result: 01 07 16 17 19 21 14 
NO.: 08014, Result: 03 09 11 17 21 31 14 
NO.: 04122, Result: 03 11 14 22 24 31 15 
NO.: 08062, Result: 06 08 13 17 24 27 15 
NO.: 06082, Result: 03 13 15 23 28 29 09 
NO.: 08013, Result: 02 08 15 16 22 28 10 
NO.: 13033, Result: 05 06 13 17 19 28 01 
NO.: 05029, Result: 02 14 21 22 27 30 14 
NO.: 13090, Result: 02 05 11 23 24 29 08 
NO.: 11148, Result: 05 14 22 23 25 26 14 
NO.: 12078, Result: 08 15 22 24 28 33 12 
NO.: 04020, Result: 01 02 09 22 28 31 04 
NO.: 12087, Result: 03 10 11 13 14 22 09 
NO.: 06076, Result: 04 10 17 21 29 32 14 
NO.: 08136, Result: 05 09 10 12 18 28 02 
NO.: 05036, Result: 12 19 20 21 26 31 15 
NO.: 03082, Result: 07 17 18 19 30 31 14 
NO.: 07141, Result: 02 03 04 06 17 31 08 
NO.: 06035, Result: 03 09 13 21 27 29 13 
NO.: 07068, Result: 11 18 19 22 23 28 01 
NO.: 13087, Result: 02 13 19 23 24 28 05 
NO.: 08086, Result: 04 05 10 26 27 30 12 
NO.: 11145, Result: 02 04 14 15 26 30 04 
NO.: 12091, Result: 01 05 07 08 19 21 16 
NO.: 13066, Result: 01 03 16 17 20 32 07 
NO.: 09081, Result: 04 05 06 25 29 30 03 
NO.: 12086, Result: 08 09 13 15 22 23 08 
NO.: 05049, Result: 02 03 08 10 25 27 12 
NO.: 07083, Result: 11 14 18 20 21 26 05 
NO.: 05014, Result: 13 19 21 23 30 32 05 
NO.: 04033, Result: 01 04 08 09 19 20 01 
NO.: 13067, Result: 01 04 09 15 22 30 06 
NO.: 08059, Result: 02 06 15 29 31 32 16 
NO.: 04003, Result: 03 05 06 17 26 33 08 
NO.: 13017, Result: 04 06 12 30 31 32 09 
NO.: 06074, Result: 01 03 15 19 25 33 04 
NO.: 08110, Result: 10 16 22 23 29 31 02 
NO.: 14042, Result: 12 15 20 25 28 33 14 
NO.: 03057, Result: 18 19 24 25 30 31 16 
NO.: 04012, Result: 01 07 27 30 31 33 08 
NO.: 12015, Result: 01 03 06 10 21 23 15 
NO.: 10035, Result: 09 10 11 18 19 21 10 
NO.: 14020, Result: 09 14 17 23 24 25 15 
NO.: 13047, Result: 01 08 11 17 27 30 12 
NO.: 11072, Result: 01 06 10 11 18 27 12 
NO.: 08069, Result: 05 08 17 20 26 30 10 
NO.: 11147, Result: 04 08 12 17 18 30 10 
NO.: 08122, Result: 02 08 11 14 19 26 15 
NO.: 12113, Result: 03 06 09 13 18 32 06 
NO.: 10082, Result: 01 08 13 14 27 31 02 
NO.: 03028, Result: 06 13 16 20 28 32 07 
NO.: 10131, Result: 05 06 15 16 19 26 06 
NO.: 06107, Result: 01 06 08 13 17 30 07 
NO.: 15003, Result: 10 15 20 23 24 31 15 
NO.: 10096, Result: 07 12 21 23 24 28 03 
NO.: 05069, Result: 07 09 21 24 31 33 12 
NO.: 08057, Result: 19 20 21 26 28 30 08 
NO.: 03010, Result: 01 02 08 13 17 24 13 
NO.: 09104, Result: 20 22 26 29 30 32 16 
NO.: 06072, Result: 02 03 05 20 21 24 08 
NO.: 05090, Result: 01 09 21 25 29 32 03 
NO.: 11068, Result: 03 07 10 15 19 24 10 
NO.: 05066, Result: 02 04 10 11 25 28 05 
NO.: 06114, Result: 08 10 14 20 27 29 16 
NO.: 03058, Result: 09 11 16 28 32 33 02 
NO.: 14049, Result: 06 07 16 17 23 32 06 
NO.: 08040, Result: 06 13 22 25 27 28 09 
NO.: 06129, Result: 09 14 18 22 27 29 12 
NO.: 03015, Result: 04 11 19 25 26 32 13 
NO.: 03051, Result: 04 13 15 17 24 27 01 
NO.: 08094, Result: 01 04 15 16 23 28 14 
NO.: 12050, Result: 07 13 15 17 19 24 11 
NO.: 12068, Result: 05 17 22 26 32 33 10 
NO.: 08043, Result: 03 10 16 22 27 33 14 
NO.: 04011, Result: 01 04 13 23 28 30 03 
NO.: 09114, Result: 03 05 11 12 31 32 11 
NO.: 08037, Result: 01 12 22 24 28 31 06 
NO.: 08026, Result: 05 17 19 27 29 32 03 
NO.: 13144, Result: 05 07 12 19 27 31 02 
NO.: 05053, Result: 04 07 10 14 27 29 09 
NO.: 09006, Result: 06 12 18 20 26 33 02 
NO.: 10007, Result: 14 22 27 28 30 33 14 
NO.: 11025, Result: 08 25 26 31 32 33 09 
NO.: 12135, Result: 02 05 07 08 11 17 16 
NO.: 09089, Result: 02 03 07 11 19 32 04 
NO.: 14078, Result: 02 03 05 06 09 17 07 
NO.: 08151, Result: 06 08 10 14 17 19 06 
NO.: 09124, Result: 03 04 22 23 28 30 10 
NO.: 07037, Result: 10 11 16 23 31 33 16 
NO.: 03064, Result: 04 06 08 12 15 30 01 
NO.: 14015, Result: 02 11 19 30 32 33 09 
NO.: 12024, Result: 04 12 19 21 25 28 13 
NO.: 13088, Result: 09 15 20 21 22 24 14 
NO.: 12053, Result: 04 15 22 25 27 33 04 
NO.: 06031, Result: 03 10 12 16 31 32 14 
NO.: 12142, Result: 05 18 22 28 29 31 06 
NO.: 10011, Result: 07 08 14 22 24 30 07 
NO.: 12005, Result: 07 09 18 27 31 33 06 
NO.: 13127, Result: 02 03 13 20 22 33 14 
NO.: 11102, Result: 01 05 13 21 27 31 11 
NO.: 04034, Result: 02 07 13 20 27 30 14 
NO.: 11092, Result: 05 10 17 26 31 32 04 
NO.: 07150, Result: 03 05 11 13 19 24 05 
NO.: 06104, Result: 03 07 22 27 28 31 11 
NO.: 03014, Result: 03 05 07 08 21 31 02 
NO.: 14013, Result: 05 09 13 15 17 21 13 
NO.: 11131, Result: 02 07 09 17 21 25 01 
NO.: 12046, Result: 04 12 19 20 23 33 06 
NO.: 10041, Result: 03 05 13 19 25 29 12 
NO.: 07006, Result: 06 10 14 22 26 27 11 
NO.: 10075, Result: 05 09 12 13 15 22 14 
NO.: 05067, Result: 03 12 16 20 21 26 16 
NO.: 11013, Result: 01 03 13 16 21 22 08 
